3,1,0.1543,0.1543,0.33149,1,0.51749,0.073942,0.10345,0,0.15517,0.17241,0.051724,0.13793,0.2069,0,0.17241,0.18182,0,0.036364,0.018182,0,0.072727,0.12727,0.56364,0.18985,0.58083,0.039681,136.78,8.5721,41,39,0.00064814,0.013245,0.86755,0.042056,0.49065,4,7,5,4,0,-1,1,0,0.001173,0
3,4,0.12283,0.00058651,0.45366,1,0.68227,0.13268,0.11538,0,0.11538,0.19231,0.057692,0.19231,0.15385,0,0.17308,0.061224,0,0.020408,0,0.081633,0,0.32653,0.5102,0.23179,0.70559,0.040343,180,12.178,23,16,0.0006413,0.11111,0.99556,0.0085837,0.5279,5,6,3,3,0,-1,-1,0,-0.00058651,0
3,0,0,0,0.13104,1,0.42167,0.044006,0,0.047619,0.2381,0,0.095238,0.02381,0.11905,0.33333,0.14286,0.33333,0,0.025641,0,0.051282,0.051282,0.4359,0.10256,0.14983,0.45254,0.0083797,87.554,8.4923,32,20,0.00032901,0.44681,0.81915,0,0.9911,3,7,3,3,1,-1,1,0,0.001173,0
3,0,0,0,0.10738,1,0.50979,0.034507,0.05,0.075,0.225,0,0.125,0.05,0.05,0.275,0.15,0.24324,0,0,0,0.054054,0.13514,0.2973,0.27027,0.1675,0.50542,0.04582,31.307,3.4558,45,23,0.00043848,0,0.9,0.014286,0.96571,4,3,3,3,1,0,1,0,0.001173,0
1,1,0.41087,0.41087,0.13189,1,0.39707,0.36666,0.125,0.075,0.35,0,0,0.075,0.075,0.15,0.15,0.28205,0,0.076923,0.12821,0,0.15385,0.20513,0.15385,0.39454,0.60276,0.12137,180,16.499,14,25,0.023084,0,0.085714,0.026738,0.87166,1,2,2,2,1,0,-1,1,-0.0017595,0.0024969
2,2,0.24247,0.2422,0.24114,1,0.49323,0.42697,0.089286,0.017857,0.10714,0.33929,0.089286,0,0.125,0.053571,0.17857,0.38889,0.055556,0.055556,0,0.018519,0,0.14815,0.33333,0.43827,0.94861,0.10014,73.355,15.018,46,32,0.012631,0.11399,0.99482,0,1,3,2,3,2,0,-1,-1,0,-0.00058651,0
1,2,0.13923,0.083936,0.20031,1,0.43489,0.39088,0,0.16667,0,0.047619,0.071429,0,0.35714,0.095238,0.2619,0.31707,0,0.04878,0,0.04878,0.14634,0.26829,0.17073,0.38971,0.50276,0.29827,180,23.734,16,17,0.019296,0.43885,1,0,0.95092,2,4,1,2,0,-1,1,1,0.00058651,0.0012484
1,2,0.29986,0.10154,0.55809,1,0.49213,0.1966,0.17188,0.015625,0.23438,0.0625,0.078125,0.0625,0.046875,0.1875,0.14063,0,0,0,0,0.47619,0,0.031746,0.49206,0.19822,1.3681,0.17012,166.78,18.333,28,39,0.066018,0,1,0.92553,1,1,2,1,3,1,1,1,-1,0.001173,-0.0037453
2,2,0.33276,0.11085,0.48389,1,0.47306,0.33946,0.089286,0,0.23214,0.125,0.035714,0.053571,0.16071,0.14286,0.16071,0.12963,0,0,0,0.25926,0,0.037037,0.57407,0.32932,1.3663,0.073833,172.36,7.1102,55,28,0.023758,0.12945,1,0.16667,0.97,2,3,2,3,0,-1,1,0,0.00058651,0
2,2,0.39528,0.35586,0.34337,1,0.65477,0.098704,0.16667,0.11111,0.14815,0.074074,0.074074,0.055556,0.12963,0.055556,0.18519,0.17308,0,0.019231,0,0.32692,0,0,0.48077,0.20996,1.149,0.086056,136.78,10.212,46,32,0.010666,0.26778,1,0.033639,0.033639,3,7,2,2,0,-1,0,1,0,0.0024969
1,0,0,0,0.40716,1,0.75293,0.045688,0.0625,0.10417,0.3125,0.083333,0,0.125,0.10417,0.10417,0.10417,0.12766,0.042553,0.085106,0.19149,0.31915,0.021277,0.06383,0.14894,0.046916,0.90514,0.019184,56.273,12.783,17,31,0.042183,0.97692,0.92308,0.30333,0.18,2,2,3,2,1,1,0,1,0,0.0012484
1,0,0,0,0.39924,1,0.79392,0.015389,0.12,0.22,0.2,0.08,0,0.06,0.12,0.06,0.14,0.16327,0,0.20408,0.22449,0.16327,0.020408,0.081633,0.14286,0.016741,0.80244,0.11761,85.028,20.43,14,33,0.036584,0.62069,0.59052,0.047619,0,2,2,2,2,-1,1,-1,1,-0.00058651,0.0012484
2,0,0,0,0.21342,1,0.57829,0.16431,0.13462,0.057692,0.23077,0.23077,0.11538,0.038462,0.19231,0,0,0.12,0.06,0.18,0,0.02,0.02,0.12,0.48,0.29733,0.7093,0.043175,90,12.941,37,31,0.0068507,0,0.16352,0.062857,0.43714,3,5,2,2,1,-1,-1,0,-0.00058651,0
2,0,0,0,0.53866,1,0.70318,0.093567,0.074074,0.092593,0.16667,0.055556,0,0.16667,0.074074,0.092593,0.27778,0.076923,0.057692,0.076923,0.096154,0.25,0.038462,0.13462,0.26923,0.074906,1.0973,0.047782,83.301,10.416,48,29,0.030435,0.96023,0.90625,0.3355,0.86645,3,3,4,3,1,1,1,0,0.002346,0
2,0,0,0,0.49134,1,0.31191,0.063703,0.055556,0.092593,0.2037,0.055556,0.055556,0.11111,0.092593,0.037037,0.2963,0.11538,0,0.076923,0.15385,0.21154,0.019231,0.15385,0.26923,0.042006,0.38967,0.021475,90,13.867,33,33,0.0029558,0.77193,1,0.23853,1,3,3,3,3,0,1,1,0,0.00058651,0
3,2,0.26303,0.10728,0.26632,1,0.40585,0.23452,0.10145,0.13043,0.10145,0.2029,0.14493,0,0.10145,0,0.21739,0.34848,0.045455,0.045455,0.015152,0.045455,0.015152,0.090909,0.39394,0.25038,0.8216,0.030382,166.78,16.125,25,38,0.0031671,0.2809,0.98315,0.022293,0.99363,5,9,3,3,-1,-1,-1,1,-0.001173,0.0024969
1,0,0,0,0.46429,1,0.44013,0.25602,0.12245,0.061224,0.14286,0.10204,0.061224,0.081633,0.10204,0.061224,0.26531,0.16667,0.083333,0.25,0.125,0,0,0.125,0.25,0.25471,0.63254,0.12453,69.74,18.77,8,29,0.039152,0.85375,0,0.17969,0.87109,2,2,2,2,-1,1,-1,1,-0.0017595,0.0024969
1,0,0,0,0.34578,1,0.38272,0.3421,0,0.19444,0.16667,0,0.11111,0.027778,0.16667,0.083333,0.25,0.17143,0.057143,0.31429,0.085714,0.028571,0,0,0.34286,0.3428,0.59995,0.038707,79.646,17.928,6,25,0.034397,1,0,0.12422,0.90373,2,2,2,2,0,1,-1,0,-0.0017595,0
2,0,0,0,0.31721,1,0.33611,0.24984,0.24,0.16,0.16,0,0.16,0,0,0.28,0,0.30435,0,0,0,0,0,0.3913,0.30435,0.17547,0.35331,0.057984,24.3,5.5238,14,14,0.00050615,0,0.36076,0,1,2,2,2,2,1,0,0,-1,0,-0.0024969
1,0,0,0,0.29637,1,0.53416,0.07994,0.11111,0,0.25,0.11111,0,0.083333,0.19444,0.055556,0.19444,0.028571,0,0.028571,0.085714,0.4,0.085714,0.085714,0.28571,0.078732,0.55663,0.15306,90,13.878,18,22,0.018872,0.022222,0.97037,0,0.088785,3,5,2,1,0,-1,0,1,0,0.0037453
1,0,0,0,0.33244,1,0.54775,0.10532,0.08,0,0.2,0.12,0,0.08,0,0.52,0,0,0,0,0,0.5,0,0.041667,0.45833,0.10442,0.56336,0.12963,81.1,19.361,12,16,0.014657,0,1,0.13136,0.0084746,1,2,1,2,1,-1,0,-1,0,-0.0024969
1,0,0,0,1.0092,1,0.43628,0.17053,0.054054,0.24324,0.10811,0.027027,0.081081,0.13514,0.18919,0,0.16216,0,0,0,0,0.5,0.055556,0.19444,0.25,0.17112,0.64356,0.080417,82.141,22.128,10,22,0.029026,0,1,0,0.11111,1,3,1,2,1,-1,1,0,0.00058651,0
1,2,0.20303,0.073942,0.65331,1,0.50309,0.15642,0.036364,0.16364,0.10909,0.054545,0.090909,0.054545,0.21818,0.072727,0.2,0,0,0,0,0.46296,0,0.092593,0.44444,0.157,0.90513,0.12809,166.78,22.859,19,32,0.035024,0,1,0.13021,0.17708,1,3,1,2,1,-1,1,0,0.00058651,0
1,1,0.0027587,0.0027587,0.70232,1,0.46109,0.086725,0.081633,0.16327,0.16327,0.040816,0.10204,0.081633,0.20408,0.020408,0.14286,0,0,0,0,0.52083,0,0.083333,0.39583,0.087883,0.44864,0.074358,154.84,22.4,12,26,0.010064,0,1,0,0.11111,1,3,1,2,1,-1,1,0,0.001173,0
2,0,0,0,0.49009,1,0.30643,0.17324,0.076923,0.11538,0.15385,0.038462,0.076923,0,0.23077,0.076923,0.23077,0.375,0.041667,0.083333,0,0.041667,0,0.16667,0.29167,0.19774,0.423,0.053597,80.719,34.737,6,9,0.00092828,0.28402,0,0.012346,0.8642,2,4,2,2,1,-1,-1,-1,-0.00058651,-0.0012484
3,1,0.30939,0.30939,0.27929,1,0.31608,0.19982,0.15152,0.12121,0.15152,0,0.30303,0,0,0.27273,0,0.4,0,0.066667,0,0.033333,0,0.033333,0.46667,0.14804,0.4466,0.036287,88.206,10.766,20,12,0.00029887,0,0.34437,0,1,3,3,3,3,1,-1,0,-1,0,-0.0024969
2,1,0.12382,0.12382,0.43221,1,0.31228,0.11722,0.083333,0.020833,0.16667,0,0.125,0.0625,0.22917,0.041667,0.27083,0.23913,0,0.065217,0,0.065217,0.043478,0.36957,0.21739,0.22002,0.66409,0.098028,122.06,15.994,38,30,0.019919,0.065217,0.84783,0.012,0.768,3,4,3,4,1,0,0,-1,0,-0.0012484
3,3,0.1003,0.013932,0.43443,1,0.53083,0.1016,0.11864,0.050847,0.15254,0.050847,0,0.033898,0.23729,0.067797,0.28814,0.19643,0.017857,0.035714,0,0.053571,0.125,0.35714,0.21429,0.18634,0.64168,0.033568,90,10.92,42,28,0.0038316,0.13372,1,0.053763,0.91935,4,6,5,3,0,-1,1,0,0.00058651,0
3,0,0,0,0.34783,1,0.52322,0.075742,0.12069,0.034483,0.17241,0.086207,0,0.068966,0.12069,0.086207,0.31034,0.018182,0,0,0,0,0.14545,0.36364,0.47273,0.18428,0.62879,0.022858,90,6.6634,52,27,0.0032984,0,1,0.0625,0.87019,4,5,3,3,1,-1,1,0,0.001173,0
1,1,0.089953,0.089953,0.44398,1,0.7239,0.038722,0.12903,0.064516,0.20968,0.080645,0,0.064516,0.17742,0.080645,0.19355,0.11475,0,0.14754,0.04918,0.34426,0.065574,0.16393,0.11475,0.038406,0.60332,0.073914,154.84,14.61,33,34,0.019123,0.7907,0.99419,0.14286,0,2,2,2,2,-1,1,-1,0,-0.00058651,0
1,2,0.13612,0.084525,0.4394,1,0.56416,0.010259,0.15094,0.056604,0.18868,0.056604,0,0.056604,0.18868,0.11321,0.18868,0.13462,0,0.19231,0,0.28846,0.019231,0.28846,0.076923,0.010141,0.55307,0.12393,83.301,8.8301,25,24,0.017019,0.13208,0.11321,0,0.047059,2,4,2,1,-1,-1,-1,0,-0.0041056,0
1,0,0,0,0.50938,1,0.51235,0.0043149,0.15254,0.067797,0.16949,0.10169,0,0.033898,0.23729,0.050847,0.18644,0.10345,0,0.2069,0.017241,0.22414,0.017241,0.25862,0.17241,0.0064648,0.61294,0.11956,90,12.808,24,34,0.02187,0.11399,0.07772,0.022472,0,2,4,2,1,0,-1,-1,1,-0.00058651,0.0024969
1,0,0,0,0.43557,1,0.43603,0.003791,0.22414,0.051724,0.22414,0.068966,0,0.068966,0.18966,0.068966,0.10345,0,0.052632,0.22807,0.017544,0.26316,0.035088,0.17544,0.22807,0.0027587,0.51992,0.089004,90,12.202,31,33,0.014009,0.014286,0,0,0.013245,1,3,2,2,0,-1,-1,1,-0.00058651,0.0012484
4,1,0.13371,0.13371,0.10912,1,0.38827,0.13834,0.096774,0.048387,0.20968,0.096774,0.096774,0.17742,0.096774,0.016129,0.16129,0.48276,0,0.068966,0,0.051724,0,0.017241,0.37931,0.23168,0.97632,0.043478,180,12.749,57,30,0.00067145,0.81053,0,0,0.75795,5,6,4,4,1,-1,-1,-1,-0.001173,-0.0012484
4,1,0.097106,0.097106,0.11502,1,0.42426,0.1151,0,0.076923,0.17308,0.15385,0.076923,0.23077,0.11538,0.11538,0.057692,0.72917,0,0.041667,0,0.041667,0,0,0.1875,0.18946,0.76757,0.008975,180,8.9197,52,27,0.00049498,1,0,0,0.78171,5,7,5,4,0,-1,-1,-1,-0.00058651,-0.0037453
