2,0,0,0,0.24484,1,0.65292,0.091932,0.19048,0.28571,0,0,0.095238,0,0.095238,0.2381,0.095238,0.15789,0,0,0,0.21053,0,0.31579,0.31579,0.16184,0.56226,0.0068498,163.64,12.608,18,10,0.0032313,0.04375,1,0.30619,1,3,2,3,3,1,1,1,0,0.0041056,0
2,1,0.3916,0.3916,0.24544,1,0.63709,0.095609,0.1,0.3,0,0,0.1,0,0.16667,0.23333,0.1,0,0,0,0,0.28571,0.035714,0.25,0.42857,0.16714,0.57148,0.031128,180,9.5344,23,20,0.0032033,0.12883,1,0.30128,0.99679,2,3,2,4,1,1,0,1,0,0.0012484
2,0,0,0,0.2293,1,0.57605,0.09153,0.15385,0.23077,0,0,0.038462,0,0.076923,0.34615,0.15385,0.041667,0,0,0,0.20833,0.083333,0.20833,0.45833,0.16678,0.60474,0.0002197,164.97,7.3829,24,13,0.0043761,0,1,0.32143,1,2,3,3,3,1,1,1,0,0.0029326,0
2,3,0.46881,0.055951,0.13883,1,0.60418,0.064124,0.14815,0.25926,0,0,0.16667,0,0.074074,0.16667,0.18519,0.057692,0,0,0,0.26923,0.019231,0.25,0.40385,0.17758,0.63057,0.0075772,43.412,2.7372,49,18,0.0039399,0.044643,1,0.28496,0.98945,3,2,3,3,0,0,1,0,0.0017595,0
2,1,0.47904,0.47904,0.21153,1,0.5876,0.10036,0.04918,0.29508,0,0,0.14754,0,0.065574,0.2459,0.19672,0.050847,0,0,0,0.16949,0.016949,0.32203,0.44068,0.19574,0.67739,0.011401,180,7.9452,59,38,0.0033719,0.24419,1,0.29319,1,3,4,3,4,0,1,1,0,0.00058651,0
2,0,0,0,0.19983,1,0.67292,0.088634,0.10526,0.19298,0,0,0.15789,0,0.052632,0.26316,0.22807,0.036364,0,0,0,0.18182,0.10909,0.16364,0.50909,0.1916,0.6035,0.00053598,154.84,11.579,50,33,0.0040618,0,1,0.23944,0.94366,3,2,3,3,1,1,1,0,0.00058651,0
2,0,0,0,0.19344,1,0.59043,0.090781,0.11111,0.14815,0,0,0.11111,0,0.11111,0.33333,0.18519,0,0,0,0,0.13462,0.096154,0.32692,0.44231,0.21913,0.70291,0.010933,154.84,7.5055,40,29,0.0053705,0,1,0.2549,0.97304,2,2,2,3,1,1,1,0,0.0017595,0
2,0,0,0,0.18839,1,0.60233,0.093681,0.13333,0.24444,0,0,0.17778,0,0.066667,0.24444,0.13333,0.069767,0,0,0,0.25581,0.046512,0.2093,0.4186,0.20733,0.64708,0.013383,171.1,9.6135,46,21,0.0038698,0.2,1,0.22556,0.97243,2,2,3,3,0,1,1,0,0.001173,0
2,2,0.38944,0.066361,0.21321,1,0.64034,0.10514,0.11765,0.21569,0,0,0.13725,0,0.098039,0.2549,0.17647,0.12245,0,0,0,0.2449,0.12245,0.20408,0.30612,0.21307,0.67197,0.031015,79.357,4.3097,41,21,0.0033488,0.20339,1,0.24615,0.95897,3,2,3,3,1,0,1,0,0.00058651,0
2,1,0.2811,0.2811,0.18812,1,0.59211,0.112,0.090909,0.23636,0,0,0.12727,0,0.090909,0.21818,0.23636,0.037736,0,0,0,0.16981,0.11321,0.26415,0.41509,0.23045,0.8264,0.017064,154.84,7.4197,46,24,0.0071221,0.091892,1,0.31169,0.94805,3,2,3,3,1,1,1,0,0.00058651,0
2,3,0.46036,0.032502,0.17708,1,0.65509,0.089927,0.085106,0.34043,0,0,0.06383,0,0.10638,0.25532,0.14894,0.044444,0,0,0,0.33333,0.088889,0.13333,0.4,0.19984,0.69627,0.061892,180,7.4311,39,21,0.0043858,0.23129,1,0.29487,0.94359,3,2,3,3,1,1,1,0,0.00058651,0
2,2,0.30522,0.22846,0.15938,1,0.56449,0.088598,0.061224,0.28571,0,0,0.16327,0,0.061224,0.32653,0.10204,0.29787,0,0,0,0.23404,0.021277,0.21277,0.23404,0.25608,0.71855,0.097842,46.784,5.3237,44,28,0.0048949,0.17647,1,0.17073,0.99778,2,3,3,4,1,1,1,1,0.001173,0.0012484
2,0,0,0,0.18836,1,0.60603,0.099494,0.081633,0.28571,0,0,0.18367,0,0.081633,0.26531,0.10204,0.10638,0,0,0,0.23404,0.085106,0.10638,0.46809,0.23913,0.73637,0.067313,161.45,8.2839,55,33,0.006182,0.13529,1,0.23349,0.96698,3,2,3,3,1,1,1,0,0.0017595,0
2,0,0,0,0.21971,1,0.57977,0.12855,0.042553,0.29787,0,0,0.17021,0,0.12766,0.21277,0.14894,0.15556,0,0,0,0.15556,0.13333,0.2,0.35556,0.28625,0.75643,0.12338,166.78,7.8224,43,28,0.0046723,0.30876,1,0.15086,0.9569,2,2,3,3,1,1,1,0,0.001173,0
2,2,0.42131,0.163,0.24101,1,0.58955,0.12493,0.075472,0.30189,0,0,0.11321,0,0.09434,0.26415,0.15094,0.11765,0,0.039216,0,0.21569,0.078431,0.23529,0.31373,0.24428,0.73939,0.047307,90,11.347,41,29,0.0071205,0.2212,1,0.22222,0.99764,3,3,4,3,0,0,1,0,0.002346,0
2,1,0.052828,0.052828,0.18069,1,0.63627,0.10433,0.041667,0.1875,0.10417,0,0.125,0,0.16667,0.22917,0.14583,0.21739,0,0,0,0.26087,0.043478,0.26087,0.21739,0.26322,0.80198,0.059923,64.836,6.3184,29,23,0.0054671,0.25556,1,0.22222,0.96795,3,3,3,3,1,1,1,0,0.0029326,0
2,1,0.28512,0.28512,0.15361,1,0.63467,0.059142,0.16327,0.16327,0,0,0.14286,0,0.061224,0.34694,0.12245,0,0,0,0,0.19149,0.085106,0.21277,0.51064,0.19658,0.62088,0.0017946,162.61,7.3604,47,25,0.0030071,0,1,0.24523,0.97548,2,2,2,3,1,1,1,0,0.0017595,0
2,1,0.20642,0.20642,0.30551,1,0.69193,0.061634,0.08,0.26,0,0.04,0.1,0,0.1,0.26,0.16,0,0,0,0,0.1875,0.083333,0.29167,0.4375,0.081633,0.34113,0.0010445,180,11.866,41,27,0.0013407,0.04717,1,0.42331,1,2,3,2,3,1,1,1,0,0.00058651,0
2,1,0.24551,0.24551,0.17588,1,0.72709,0.039112,0.023256,0.25581,0,0.046512,0.13953,0,0.046512,0.30233,0.18605,0.12195,0,0.02439,0,0.17073,0.073171,0.26829,0.34146,0.079792,0.40091,0.00097056,180,14.25,32,25,0.0012583,0,1,0.46798,0.96552,2,2,3,3,1,1,1,0,0.00058651,0
2,1,0.37002,0.37002,0.20066,1,0.61202,0.073356,0.057692,0.21154,0,0.038462,0.17308,0,0.11538,0.26923,0.13462,0.1,0,0,0,0.16,0.04,0.32,0.38,0.13726,0.57824,0.016634,180,6.244,47,25,0.0025373,0.063492,1,0.40678,1,3,3,3,3,1,1,1,0,0.00058651,0
2,1,0.085153,0.085153,0.16223,1,0.5735,0.053959,0.019231,0.26923,0,0,0.15385,0,0.13462,0.26923,0.15385,0.12,0,0,0,0.12,0.06,0.3,0.4,0.15137,0.4513,0.064213,90,9.5349,37,31,0.0017379,0.28125,1,0.20144,1,2,3,3,3,1,1,1,-1,0.002346,-0.0024969
2,2,0.41582,0.056971,0.19019,1,0.63677,0.076995,0.075472,0.26415,0,0,0.13208,0,0.09434,0.32075,0.11321,0.039216,0,0,0,0.17647,0,0.27451,0.5098,0.1894,0.54214,0.012321,40.412,2.798,53,21,0.0026668,0.037313,1,0.19033,1,3,2,3,3,1,1,1,0,0.0017595,0
2,1,0.37871,0.37871,0.1659,1,0.59757,0.0626,0,0.25,0.1875,0,0.14583,0,0.083333,0.22917,0.10417,0.30435,0,0.043478,0,0.21739,0.021739,0.21739,0.19565,0.16112,0.4983,0.022968,180,9.5196,57,29,0.0016118,0.40187,1,0.22442,1,2,2,3,3,1,1,1,0,0.001173,0
2,1,0.055683,0.055683,0.21067,1,0.66229,0.056891,0.018182,0.090909,0.21818,0,0.090909,0.018182,0.090909,0.23636,0.23636,0.20755,0,0,0,0.18868,0,0.37736,0.22642,0.11157,0.41518,0.038987,154.84,10.959,40,28,0.0016054,0.27,1,0.33184,1,2,3,3,3,1,1,1,0,0.0017595,0
2,1,0.20669,0.20669,0.15601,1,0.65327,0.052259,0.061224,0.081633,0.22449,0,0.081633,0.040816,0.12245,0.22449,0.16327,0.23404,0,0,0,0.25532,0,0.2766,0.23404,0.13137,0.48244,0.032357,166.78,8.3238,41,22,0.0020497,0.22472,1,0.31716,0.99254,2,3,3,3,1,1,0,0,0,0
2,2,0.40951,0.099092,0.17904,1,0.55913,0.068633,0,0.038462,0.28846,0,0,0.13462,0.096154,0.26923,0.17308,0.32,0,0,0,0.16,0.08,0.3,0.14,0.17756,0.55355,0.019039,180,15.312,33,30,0.0024354,0.56,0.944,0.22561,1,2,3,3,3,1,1,1,0,0.00058651,0
2,1,0.078722,0.078722,0.14624,1,0.3936,0.041661,0.10811,0.27027,0,0,0.10811,0,0.054054,0.2973,0.16216,0.14286,0,0,0,0.2,0.057143,0.28571,0.31429,0.15719,0.42059,0.0066681,35.357,4.0773,30,13,0.0025317,0,1,0.15175,1,2,3,3,3,1,0,1,0,0.00058651,0
2,1,0.1301,0.1301,0.099721,1,0.40812,0.026077,0.083333,0.083333,0.19444,0,0,0.11111,0.055556,0.22222,0.25,0.23529,0,0.029412,0,0.17647,0.029412,0.29412,0.23529,0.12831,0.32705,0.039724,166.78,10.35,29,21,0.0013661,0.11111,1,0.11792,1,2,2,3,3,1,1,1,0,0.00058651,0
2,0,0,0,0.21085,1,0.38283,0.03098,0,0,0.375,0,0,0.15625,0.125,0.25,0.09375,0.36667,0,0.066667,0,0.1,0,0.4,0.066667,0.091549,0.20251,0.0058929,87.554,14.798,22,10,0.00038588,0.78947,0.89474,0.031496,1,2,2,3,3,1,0,1,0,0.00058651,0
2,0,0,0,0.14029,1,0.37465,0.025035,0,0.1,0.33333,0,0,0.1,0.1,0.13333,0.23333,0.28571,0,0,0,0.14286,0.035714,0.32143,0.21429,0.083288,0.21953,0.009954,90,11.205,24,16,0.00070806,0.46512,1,0.125,1,2,2,3,3,1,0,1,0,0.0017595,0
2,0,0,0,0.2106,1,0.3701,0.03364,0,0.057143,0.28571,0,0,0.11429,0.11429,0.28571,0.14286,0.36364,0,0,0,0.12121,0.15152,0.21212,0.15152,0.093893,0.23566,0.0114,58.417,8.0505,23,21,0.00092132,0.50769,0.89231,0.096552,1,2,3,3,3,1,1,1,0,0.00058651,0
2,0,0,0,0.13678,1,0.39637,0.037139,0.030303,0.090909,0.21212,0,0,0.15152,0.12121,0.24242,0.15152,0.35484,0,0.032258,0,0.096774,0.032258,0.32258,0.16129,0.1469,0.36974,0.021662,90,10.723,28,16,0.0019243,0.27536,0.95652,0.10127,1,2,3,3,3,1,0,1,0,0.0017595,0
2,1,0.28743,0.28743,0.16402,1,0.37503,0.034109,0,0.055556,0.33333,0,0.055556,0.027778,0.083333,0.38889,0.055556,0.41176,0,0.029412,0,0.14706,0.088235,0.17647,0.14706,0.136,0.38055,0.0087587,23.06,5.5157,34,15,0.0013266,0.49383,0.7284,0.1681,0.99138,2,2,3,3,1,1,1,0,0.00058651,0
2,1,0.29465,0.29465,0.15466,1,0.39837,0.045901,0,0.09375,0.40625,0,0,0.03125,0.09375,0.25,0.125,0.26667,0,0,0,0.23333,0.1,0.23333,0.16667,0.15525,0.40308,0.013302,46.784,6.6654,18,17,0.0016587,0.4875,1,0.13169,0.97119,2,3,3,3,1,1,1,0,0.001173,0
2,1,0.27592,0.27592,0.12542,1,0.35784,0.03177,0,0.075,0.3,0,0.05,0.05,0.1,0.3,0.125,0.28947,0,0.026316,0,0.18421,0.078947,0.23684,0.18421,0.13416,0.34384,0.011508,180,15.287,30,28,0.0015404,0.42373,0.9322,0.1086,1,2,3,3,3,1,0,1,0,0.00058651,0
1,1,0.10135,0.10135,0.31073,1,0.40071,0.27676,0.097561,0.14634,0.19512,0,0,0.073171,0.19512,0.12195,0.17073,0.175,0.075,0,0,0.15,0.05,0.45,0.1,0.27673,0.50373,0.12142,158.84,16.493,14,23,0.029066,0.26786,1,0.14961,0.99213,2,2,2,2,1,1,1,1,0.0046921,0.0012484
1,2,0.22311,0.16477,0.56538,1,0.51402,0.2244,0.076923,0.13462,0.11538,0.019231,0.038462,0.076923,0.23077,0.17308,0.13462,0.13725,0.058824,0.11765,0,0.11765,0.078431,0.37255,0.11765,0.22605,0.64668,0.083727,180,22.135,13,27,0.035946,0.21223,1,0.33766,0.98268,2,2,2,2,1,1,1,0,0.0029326,0
1,2,0.27463,0.1648,0.2711,1,0.45253,0.33222,0.066667,0.044444,0.088889,0.22222,0.066667,0.11111,0.17778,0.044444,0.17778,0.15909,0.15909,0.18182,0.045455,0.045455,0.022727,0.18182,0.20455,0.33223,0.56294,0.20101,180,20.021,5,27,0.035999,0.1118,0.0062112,0.021505,0.97491,2,2,3,2,1,1,-1,0,-0.00058651,0
3,0,0,0,0.1447,1,0.44269,0.042565,0,0.10256,0.25641,0,0,0.12821,0.10256,0.30769,0.10256,0.36111,0,0.027778,0,0,0.055556,0.33333,0.22222,0.10747,0.33408,0.0099545,90,10.254,32,20,0.00044202,0.39726,0.9863,0.021097,1,3,3,3,4,1,1,1,0,0.001173,0
2,1,0.069646,0.069646,0.23827,1,0.5294,0,0.13889,0.25,0.083333,0.055556,0.11111,0,0.19444,0.055556,0.11111,0.32353,0,0.029412,0,0.20588,0.17647,0.088235,0.17647,0.082005,0.32854,0.033272,46.784,6.6372,32,19,0.0040225,0,0.99057,0.2823,0,3,3,3,3,1,1,-1,0,-0.00058651,0
1,1,0.11285,0.11285,0.37307,1,0.50342,0.23444,0,0.10417,0.14583,0.083333,0.125,0.14583,0.16667,0.0625,0.16667,0.14894,0.085106,0.25532,0.021277,0.021277,0.085106,0.19149,0.19149,0.23469,0.4491,0.12409,180,26.476,10,30,0.022656,0.35802,0,0.053922,0.96569,2,3,3,3,1,1,-1,0,-0.0017595,0
