da8 = [1,2,0.36149,0.15515,0.35152,1,0.94493,0.042547,0.13139,0.058394,0.24818,0.058394,0.080292,0.17518,0.080292,0.072993,0.094891,0.11765,0.058824,0.11029,0.088235,0.36765,0.014706,0.088235,0.15441,0.041796,1.6557,0.13396,74.612,16.987,35,76,0.10755,0.86161,0.99554,0.21491,0.17105,3,2,4,2,1,1,-1,0,-0.0010194,0
1,4,0.38769,0.10114,0.42207,1,0.82969,0.028508,0.11688,0.18182,0.17532,0.071429,0.13636,0.058442,0.071429,0.045455,0.14286,0.071895,0.052288,0.14379,0.078431,0.29412,0.026144,0.16993,0.1634,0.031356,1.3204,0.11676,90,25.018,33,90,0.078413,0.82741,0.83249,0.21557,0.1497,3,3,2,3,-1,1,0,1,0,0.002849
1,3,0.17303,0.012262,0.33828,1,0.76689,0.011569,0.10135,0.10811,0.22973,0.11486,0.12162,0.047297,0.12162,0.040541,0.11486,0.081633,0.07483,0.11565,0.088435,0.40136,0.027211,0.068027,0.14286,0.0096065,1.2014,0.13566,70.313,16.691,26,105,0.06809,0.73077,0.78846,0.13636,0.1303,3,2,4,2,0,1,-1,0,-0.0020387,0
1,2,0.051776,0.014271,0.37553,1,0.79827,0.010178,0.20325,0.23577,0,0.081301,0.13008,0.04878,0.073171,0.081301,0.14634,0.13115,0.081967,0.16393,0.081967,0.28689,0,0.090164,0.16393,0.010023,1.1998,0.11404,87.269,20.032,23,72,0.069833,0.54444,0.55,0.099125,0.11953,3,2,3,3,-1,1,-1,0,-0.0010194,0
1,0,0,0,0.43703,1,0.92282,0.055981,0.15493,0.19718,0.11268,0.042254,0.12676,0.021127,0.11972,0.049296,0.17606,0.10638,0.056738,0.17021,0.092199,0.33333,0,0.092199,0.14894,0.056535,1.679,0.17465,90,19.143,32,97,0.12973,0.70229,0.76336,0.1655,0.076923,3,2,3,2,1,1,1,0,0.0020387,0
1,0,0,0,0.36404,1,0.77152,0.019268,0.13103,0.055172,0.25517,0.089655,0.15172,0.041379,0.12414,0.041379,0.11034,0.090278,0.0625,0.13889,0.069444,0.34028,0.020833,0.069444,0.20833,0.019879,1.2854,0.09104,90,16.339,28,100,0.075616,0.93143,1,0.15698,0.125,3,2,3,2,0,1,1,0,0.0010194,0
1,3,0.4906,0.21942,0.40575,1,0.81016,0.021392,0.11321,0.062893,0.23899,0.062893,0.11321,0.069182,0.13836,0.037736,0.16352,0.082278,0.063291,0.18354,0.056962,0.32911,0.050633,0.075949,0.15823,0.022996,1.532,0.15523,76.584,19.483,33,93,0.1254,0.98636,1,0.1366,0.095361,3,2,2,2,0,1,1,1,0.0020387,0.0014245
1,2,0.35849,0.20833,0.36864,1,0.77585,0.018158,0.13497,0.08589,0.22699,0.10429,0.11043,0.018405,0.09816,0.04908,0.17178,0.074074,0.049383,0.17901,0.067901,0.31481,0.018519,0.080247,0.21605,0.0194,1.3832,0.17839,90,23.679,40,92,0.098308,0.95187,1,0.099174,0.066116,3,2,2,2,0,1,0,1,0,0.0014245
1,1,0.26157,0.26157,0.42451,1,0.83082,0.019268,0.13665,0.055901,0.19876,0.1118,0.15528,0.024845,0.10559,0.062112,0.14907,0.0625,0.08125,0.14375,0.075,0.275,0.0625,0.05,0.25,0.022879,1.6176,0.15417,90,16.925,32,104,0.13786,0.9551,1,0.20581,0.17191,3,2,3,2,1,1,0,1,0,0.0042735
1,0,0,0,0.39247,1,0.81781,0.034148,0.14198,0.030864,0.22222,0.15432,0.11728,0.0061728,0.11111,0.049383,0.16667,0.074534,0.080745,0.14286,0.086957,0.26708,0.080745,0.068323,0.19876,0.034883,1.7847,0.18424,90,18.069,35,93,0.16562,0.88353,1,0.20925,0.18062,3,2,3,2,1,1,0,1,0,0.0014245
1,3,0.3188,0.092288,0.41216,1,0.83354,0.0092068,0.084416,0.090909,0.20779,0.11039,0.15584,0.019481,0.12338,0.058442,0.14935,0.052288,0.091503,0.15686,0.071895,0.26797,0.045752,0.084967,0.22876,0.011053,1.0838,0.10245,70.313,20.017,32,92,0.063596,0.93865,1,0.10601,0.095406,3,2,2,2,0,1,1,0,0.0020387,0
1,2,0.046943,0.016379,0.36249,1,0.72835,0.010023,0.12022,0.060109,0.23497,0.10383,0.087432,0.10929,0.098361,0.032787,0.15301,0.071429,0.043956,0.20879,0.076923,0.26374,0.054945,0.065934,0.21429,0.012861,1.481,0.15219,90,18.799,54,114,0.11125,0.92228,0.9171,0.16535,0.14173,3,2,4,2,1,0,0,1,0,0.002849
1,3,0.40075,0.094789,0.3419,1,0.95032,0.020444,0.10692,0.050314,0.23899,0.069182,0.18868,0.031447,0.08805,0.050314,0.1761,0.094937,0.075949,0.094937,0.10127,0.3481,0.012658,0.082278,0.18987,0.019268,1.6338,0.1882,81.855,18.03,35,92,0.1221,0.84651,0.89767,0.19111,0.16667,3,2,3,3,1,1,0,-1,0,-0.0014245
1,1,0.068913,0.068913,0.39791,1,0.93719,0.067727,0.11348,0.085106,0.19858,0.085106,0.099291,0.12766,0.11348,0.049645,0.12766,0.1,0.064286,0.18571,0.15,0.15,0.085714,0.057143,0.20714,0.068913,1.7859,0.14967,65.296,14.394,43,87,0.1705,1,0.83871,0.13901,0.05157,3,2,3,2,0,0,-1,0,-0.0020387,0
1,2,0.43035,0.0057885,0.36595,1,0.92873,0.037998,0.11765,0.058824,0.24706,0.1,0.10588,0.10588,0.11765,0.041176,0.10588,0.088757,0.076923,0.12426,0.11243,0.28994,0,0.12426,0.18343,0.037998,1.8754,0.16933,87.074,17.211,43,105,0.1693,1,0.94737,0.13458,0.082816,3,2,2,2,0,1,0,0,0,0
1,1,0.19569,0.19569,0.36604,1,0.89307,0.032906,0.14935,0.084416,0.2013,0.032468,0.13636,0.12338,0.077922,0.071429,0.12338,0.098039,0.084967,0.12418,0.091503,0.32026,0.013072,0.078431,0.18954,0.032906,1.5947,0.16545,90,18.588,29,89,0.1066,0.85586,0.86937,0.18664,0.13364,3,2,3,2,0,1,0,0,0,0
1,0,0,0,0.38032,1,0.87304,0.022397,0.14198,0.061728,0.22222,0.037037,0.1358,0.14815,0.080247,0.049383,0.12346,0.080745,0.055901,0.10559,0.12422,0.28571,0.049689,0.1118,0.18634,0.023675,1.6144,0.14693,76.584,20.197,37,101,0.11376,0.91228,0.95614,0.21678,0.18182,3,2,4,2,0,1,0,1,0,0.0014245
1,1,0.15711,0.15711,0.43853,1,0.82131,0.0014245,0.14865,0.067568,0.2027,0.074324,0.15541,0.054054,0.12162,0.027027,0.14865,0.068027,0.088435,0.15646,0.10204,0.27891,0.020408,0.10884,0.17687,0,1.5237,0.15172,90,20.707,41,92,0.11168,0.79498,0.79498,0.20769,0.20769,3,2,3,2,1,0,0,1,0,0.0014245
1,2,0.10524,0.0010194,0.62391,1,0.96773,0.019903,0.16327,0.10204,0.11565,0.088435,0.12925,0.13605,0.088435,0.068027,0.10884,0.09589,0.068493,0.21233,0.089041,0.18493,0.068493,0.15753,0.12329,0.0194,1.4837,0.12487,90,18.325,31,97,0.10419,0.83513,0.86738,0.24375,0.20625,3,2,3,2,-1,1,-1,0,-0.0010194,0
1,1,0.40244,0.40244,0.58264,1,0.91946,0.020741,0.1049,0.090909,0.18881,0.1049,0.12587,0.090909,0.097902,0.055944,0.13986,0.070423,0.077465,0.21127,0.077465,0.19718,0.10563,0.11972,0.14085,0.01741,1.6526,0.14343,109.69,19.92,35,88,0.14473,0.87919,0.92617,0.18033,0.1612,3,2,3,3,0,1,-1,-1,-0.0030581,-0.0014245
1,0,0,0,0.44227,1,0.82235,0.031405,0.16763,0.080925,0.16763,0.063584,0.11561,0.12139,0.12139,0.052023,0.10983,0.081395,0.046512,0.21512,0.12209,0.22674,0.075581,0.075581,0.15698,0.031356,1.5516,0.1244,85.454,17.905,44,100,0.10493,0.77253,0.77682,0.24668,0.18833,3,2,4,2,0,1,-1,0,-0.0010194,0
1,2,0.39244,0.35944,0.36677,1,0.87749,0.053762,0.19048,0.19048,0.019048,0.14286,0.028571,0.085714,0.15238,0.038095,0.15238,0.15385,0.038462,0.13462,0.086538,0.25,0.019231,0.096154,0.22115,0.053783,1.3399,0.17042,81.855,19.543,31,61,0.091972,0.79891,0.64674,0.17827,0.089136,3,2,2,2,-1,1,1,1,0.0040775,0.002849
1,1,0.21719,0.21719,0.35961,1,0.87217,0.10073,0.13534,0.06015,0.21053,0.11278,0.14286,0.030075,0.1203,0.045113,0.14286,0.098485,0.037879,0.13636,0.12121,0.34091,0.0075758,0.068182,0.18939,0.10214,1.5235,0.12154,79.857,18.367,36,87,0.10208,1,0.92929,0.23858,0.058376,3,2,2,2,0,1,0,1,0,0.0014245
1,3,0.32424,0.11442,0.42263,1,0.88843,0.14132,0.1028,0.084112,0.20561,0.093458,0.14019,0.070093,0.13084,0.046729,0.12617,0.075117,0.028169,0.20657,0.11268,0.24883,0.042254,0.089202,0.19718,0.14417,2.3321,0.052814,90,21.219,49,127,0.23747,0.99705,0.9705,0.31533,0.13937,3,2,3,2,0,1,0,1,0,0.002849
1,1,0.36814,0.36814,0.39344,1,0.88308,0.0066514,0.083333,0.0625,0.22917,0.12083,0.1125,0.11667,0.10417,0.05,0.12083,0.083682,0.050209,0.14644,0.12971,0.25105,0.050209,0.12971,0.159,0.0087583,2.0303,0.25113,90,17.214,69,149,0.21721,0.81185,0.82927,0.11686,0.10728,3,2,3,2,0,1,0,1,0,0.002849
1,1,0.28505,0.28505,0.38884,1,0.8694,0.0093882,0.17391,0.054348,0.16848,0.043478,0.16848,0.097826,0.10326,0.065217,0.125,0.081967,0.081967,0.13115,0.092896,0.28962,0.016393,0.13115,0.17486,0.0083591,1.6038,0.21899,90,19.4,37,119,0.12261,0.80672,0.83193,0.12785,0.13699,3,2,2,2,-1,1,0,1,0,0.0014245
1,1,0.011678,0.011678,0.34407,1,0.76343,0.012578,0.094737,0.089474,0.26316,0.14211,0.10526,0.015789,0.084211,0.063158,0.14211,0.12698,0.063492,0.13757,0.079365,0.31217,0.015873,0.095238,0.16931,0.012578,1.6243,0.1689,90,21.916,50,119,0.1323,0.9061,0.95775,0.085779,0.076749,3,2,3,2,1,0,0,0,0,0
1,3,0.25012,0.019969,0.42094,1,0.80636,0.012539,0.10952,0.052381,0.2381,0.1381,0.1,0.1,0.095238,0.052381,0.11429,0.090909,0.052632,0.1866,0.10526,0.21053,0.076555,0.11962,0.15789,0.0108,1.8794,0.098031,90,18.674,38,126,0.17214,0.9,0.93333,0.27015,0.26144,3,2,4,3,1,1,0,-1,0,-0.002849
1,1,0.49705,0.49705,0.37048,1,0.92367,0.020047,0.14634,0.068293,0.23415,0.078049,0.13659,0.092683,0.1122,0.04878,0.082927,0.078431,0.039216,0.16176,0.098039,0.25,0.029412,0.16176,0.18137,0.019969,1.9303,0.12499,90,24.773,58,129,0.16821,1,0.9962,0.22835,0.20079,3,2,2,2,0,1,1,0,0.0010194,0
1,1,0.22539,0.22539,0.44374,1,0.8943,0.024557,0.16867,0.13855,0.13855,0.10241,0.13253,0.054217,0.090361,0.03012,0.14458,0.078788,0.060606,0.16364,0.066667,0.24848,0.018182,0.15152,0.21212,0.024302,1.6356,0.18585,90,23.8,30,101,0.13052,0.80632,0.79842,0.1348,0.093137,3,2,2,2,0,1,1,0,0.0020387,0
1,2,0.27468,0.18808,0.40346,1,0.78863,0.028654,0.12883,0.067485,0.23313,0.10429,0.14724,0.018405,0.092025,0.04908,0.15951,0.074074,0.067901,0.16049,0.080247,0.30864,0.018519,0.098765,0.19136,0.03007,1.6703,0.20324,90,19.186,40,95,0.14724,0.78601,0.77366,0.13225,0.083527,3,2,2,2,0,1,0,1,0,0.0014245
1,1,0.40673,0.40673,0.42417,1,0.78533,0.036599,0.12903,0.070968,0.23226,0.051613,0.090323,0.18065,0.045161,0.077419,0.12258,0.071429,0.071429,0.18182,0.17532,0.17532,0.038961,0.090909,0.19481,0.037064,1.8462,0.15407,90,18.271,28,93,0.15482,0.88849,0.82734,0.23667,0.18763,3,2,3,2,0,1,-1,0,-0.0010194,0
1,2,0.20853,0.20374,0.41271,1,0.93117,0.027066,0.16312,0.25532,0,0.078014,0.14184,0.070922,0.11348,0.042553,0.13475,0.078571,0.064286,0.15714,0.071429,0.31429,0.0071429,0.12143,0.18571,0.027142,1.5444,0.17966,64.496,14.64,38,87,0.10804,0.64807,0.65665,0.11881,0.071782,3,2,2,2,-1,1,1,0,0.0020387,0
1,0,0,0,0.38224,1,0.93504,0.034026,0.12209,0.05814,0.20349,0.12209,0.13953,0.063953,0.087209,0.052326,0.15116,0.081871,0.05848,0.14035,0.081871,0.28655,0.046784,0.11111,0.19298,0.036666,1.8475,0.22903,90,17.123,61,110,0.16367,0.81783,0.76744,0.147,0.097308,3,2,2,2,0,1,0,1,0,0.002849
1,2,0.445,0.32143,0.493,1,0.8535,0.015703,0.12429,0.12994,0.19209,0.079096,0.13559,0.056497,0.12994,0.039548,0.11299,0.056818,0.068182,0.19318,0.068182,0.27841,0.039773,0.13068,0.16477,0.015965,1.81,0.12924,90,20.735,38,101,0.15831,0.81271,0.82274,0.18433,0.15899,3,2,3,2,0,1,1,0,0.0020387,0
1,2,0.21815,0.17524,0.37314,1,0.94996,0.012882,0.16949,0.056497,0.17514,0.067797,0.096045,0.12429,0.11864,0.033898,0.15819,0.073864,0.045455,0.18182,0.068182,0.26705,0.028409,0.10227,0.23295,0.014013,1.7237,0.22686,90,20.972,46,96,0.15276,0.93074,0.96537,0.11964,0.10158,3,2,2,2,0,1,0,1,0,0.0014245
1,0,0,0,0.45132,1,0.86872,0.017365,0.19018,0.15951,0.09816,0.08589,0.13497,0.067485,0.10429,0.042945,0.11656,0.074074,0.049383,0.16049,0.067901,0.30247,0,0.14198,0.2037,0.020176,1.6287,0.16997,80.964,19.955,42,104,0.12513,0.72624,0.71483,0.17266,0.13909,3,2,2,2,0,1,0,1,0,0.002849
1,2,0.39842,0.078089,0.40143,1,0.94516,0.020235,0.14045,0.21348,0.033708,0.14607,0.061798,0.073034,0.1236,0.033708,0.17416,0.13559,0.067797,0.15254,0.056497,0.30508,0,0.10734,0.17514,0.016414,1.9832,0.2844,75.414,18.337,41,105,0.19517,0.65886,0.68562,0.075047,0.093809,3,2,2,2,-1,1,0,1,0,0.0042735
1,3,0.65061,0.0071225,0.47398,1,1.0474,0.011698,0.15745,0.042553,0.15745,0.10638,0.11915,0.093617,0.13191,0.051064,0.14043,0.081197,0.07265,0.13248,0.089744,0.24359,0.047009,0.14103,0.19231,0.014205,2.2138,0.27795,90,17.677,52,140,0.24482,0.8273,0.84401,0.15683,0.14022,3,2,2,2,0,1,0,1,0,0.002849
1,3,0.41125,0.21247,0.37025,1,0.81831,0.0033736,0.22791,0.060465,0.18605,0.069767,0.12093,0.04186,0.10233,0.04186,0.14884,0.079439,0.065421,0.1729,0.093458,0.23364,0.037383,0.051402,0.26636,0.0024871,1.6195,0.25554,90,18.288,54,124,0.14241,0.72646,0.73543,0.0092807,0.011601,3,2,3,2,-1,1,-1,0,-0.0010194,0]
