daFo = [2,2,0.17579,0.14389,2.6048,1,0.68774,0.2103,0,0,0.10843,0.13253,0.16867,0.39759,0,0,0.19277,0.012346,0.16049,0.037037,0,0.024691,0.049383,0.5679,0.14815,0.36529,0.87187,0.0044256,90,15.209,28,39,0.010833,0,0.74542,0.46667,1,3,3,2,3,1,0,-1,-1,-0.0010194,-0.0042735
2,0,0,0,3.135,1,0.62156,0.18076,0,0,0.072464,0.17391,0.15942,0.28986,0,0,0.30435,0.014925,0.20896,0.059701,0,0,0.10448,0.53731,0.074627,0.32957,0.86131,0.001531,90,12.738,24,35,0.0098278,0,0.69203,0.57143,1,3,3,2,4,1,0,-1,0,-0.0020387,0
2,1,0.22843,0.22843,2.9978,1,0.63601,0.21493,0,0,0.069444,0.15278,0.19444,0.27778,0,0.041667,0.26389,0,0.22857,0.071429,0,0.014286,0,0.61429,0.071429,0.38143,1.0032,0.00041682,69.562,9.7257,24,44,0.014747,0,0.65968,0.39189,1,3,2,2,2,1,0,-1,0,-0.0010194,0
2,1,0.223,0.223,2.1139,1,0.62131,0.28247,0,0,0.16162,0.17172,0.16162,0.31313,0,0,0.19192,0.030928,0.14433,0.041237,0,0.030928,0.092784,0.47423,0.18557,0.42545,1.0128,0.007854,81.855,17.539,39,62,0.014968,0,0.69085,0.66327,1,3,3,2,3,1,0,0,0,0,0
2,1,0.14915,0.14915,2.4729,1,0.6783,0.22432,0,0,0.11828,0.11828,0.12903,0.39785,0,0,0.23656,0.032967,0.18681,0.032967,0,0.010989,0.076923,0.53846,0.12088,0.3623,0.8795,0.0035839,90,16.728,39,55,0.012532,0,0.71612,0.52532,1,3,3,2,3,1,0,0,-1,0,-0.002849
2,0,0,0,2.056,1,0.59367,0.28066,0,0,0.10577,0.20192,0.16346,0.30769,0,0,0.22115,0.0098039,0.16667,0.04902,0,0,0.0098039,0.60784,0.15686,0.39182,0.96486,0.0025573,76.584,16.832,40,51,0.015928,0,0.70318,0.47716,1,3,2,2,3,1,0,-1,0,-0.0020387,0
2,0,0,0,1.8386,1,0.63088,0.29544,0,0,0.18182,0.16162,0.17172,0.31313,0.020202,0.040404,0.11111,0.082474,0.12371,0.072165,0,0,0.26804,0.34021,0.1134,0.36944,0.94656,0.0040578,90,17.419,35,66,0.018723,0,0.63687,0.67464,1,3,2,2,2,1,1,-1,-1,-0.0030581,-0.002849
2,1,0.18624,0.18624,2.5166,1,0.6511,0.21416,0,0,0.13636,0.045455,0.13636,0.37879,0.12121,0,0.18182,0.078125,0.14063,0.046875,0,0.046875,0.28125,0.35938,0.046875,0.33797,0.85957,0.0030235,79.857,19.109,18,33,0.013018,0,0.73282,0.77181,1,3,2,2,2,1,0,-1,0,-0.0030581,0
2,0,0,0,2.2133,1,0.60285,0.26224,0,0,0.069444,0.23611,0.15278,0.29167,0,0,0.25,0.085714,0.11429,0.042857,0,0.014286,0.1,0.5,0.14286,0.37013,0.86118,0.010517,90,15.885,32,36,0.01178,0,0.79682,0.51366,1,3,2,2,3,1,0,-1,0,-0.0010194,0
2,0,0,0,2.5136,1,0.6886,0.22477,0,0,0.064103,0.025641,0.14103,0.34615,0.12821,0.051282,0.24359,0.092105,0.14474,0.026316,0,0.013158,0.19737,0.42105,0.10526,0.35205,0.83086,0.0034294,90,16.528,26,54,0.011107,0,0.7982,0.66456,1,3,4,2,2,1,0,0,-1,0,-0.0014245
2,0,0,0,2.6537,1,0.5826,0.17172,0,0,0.10638,0.053191,0.1383,0.41489,0.10638,0,0.18085,0.032609,0.11957,0.043478,0,0,0.11957,0.52174,0.16304,0.28025,0.69944,0.0026272,72.748,14.918,32,61,0.0088305,0,0.75955,0.69167,1,3,3,2,3,1,0,-1,0,-0.0020387,0
2,1,0.16032,0.16032,2.3913,1,0.55553,0.17838,0,0,0.12308,0.10769,0.10769,0.43077,0,0.061538,0.16923,0.047619,0.22222,0.031746,0,0,0.20635,0.31746,0.1746,0.27968,0.69563,0.0026539,90,16.5,20,42,0.0078097,0,0.63591,0.64167,1,3,2,3,2,1,0,-1,0,-0.0030581,0
2,0,0,0,2.5276,1,0.45036,0.15548,0,0.02439,0.036585,0.18293,0.12195,0.34146,0,0.04878,0.2439,0,0.15,0.0875,0,0,0.0375,0.6,0.125,0.26227,0.7201,0.0028001,90,14.367,31,46,0.008306,0,0.64156,0.55963,1,3,2,2,3,1,0,-1,0,-0.0010194,0
2,1,0.15122,0.15122,4.2752,1,0.50993,0.10948,0,0,0.070423,0.19718,0.14085,0.32394,0,0,0.26761,0.014493,0.17391,0.11594,0,0.014493,0.057971,0.57971,0.043478,0.2611,0.71403,0.00071447,90,9.3307,32,37,0.0053687,0,0.69742,0.51282,1,3,4,2,3,1,0,0,-1,0,-0.002849
2,0,0,0,4.5409,1,0.53526,0.11754,0.047619,0,0.10714,0.13095,0.19048,0.28571,0,0,0.2381,0.097561,0.12195,0.085366,0,0,0.02439,0.57317,0.097561,0.31144,0.73795,0.0089182,90,17.471,33,47,0.0067119,0,0.80739,0.2716,1,3,4,2,4,1,0,-1,0,-0.0010194,0
2,1,0.15906,0.15906,2.7475,1,0.67166,0.1954,0,0,0.0625,0.2375,0.1625,0.325,0,0,0.2125,0.089744,0.15385,0.012821,0,0.012821,0.076923,0.5,0.15385,0.34879,0.80511,0.0033347,90,18.329,29,39,0.0094865,0,0.78517,0.48905,1,3,2,2,3,1,0,-1,-1,-0.0010194,-0.0014245
2,0,0,0,3.0776,1,0.84927,0.17532,0,0,0.10101,0.040404,0.060606,0.37374,0.12121,0.070707,0.23232,0.072165,0.13402,0.051546,0,0.010309,0.13402,0.50515,0.092784,0.35044,0.86844,0.0048681,90,16.714,31,65,0.011351,0,0.75614,0.66667,1,3,3,2,4,1,0,-1,0,-0.0010194,0
2,0,0,0,1.9191,1,0.64642,0.25212,0,0,0.10227,0,0.14773,0.31818,0.23864,0.034091,0.15909,0.15116,0.069767,0.011628,0,0,0.2093,0.5,0.05814,0.33648,0.81405,0.0077003,90,12.442,41,58,0.013628,0,0.75847,0.6875,1,3,4,2,2,1,-1,-1,-1,-0.0010194,-0.0014245
2,1,0.17533,0.17533,2.5278,1,0.62992,0.19813,0,0,0.10976,0,0.15854,0.34146,0.15854,0,0.23171,0.1,0.15,0.0375,0,0.05,0.2,0.4125,0.05,0.32566,0.80458,0.0011145,90,21.331,20,39,0.011192,0,0.72912,0.7554,1,3,2,2,3,1,0,-1,0,-0.0010194,0
2,1,0.16271,0.16271,2.9097,1,0.6768,0.17244,0,0,0.065789,0.21053,0.17105,0.31579,0,0,0.23684,0.054054,0.16216,0.067568,0,0.013514,0.12162,0.52703,0.054054,0.30655,0.74388,0.00088002,90,13.388,27,39,0.0072474,0,0.76626,0.61983,1,3,3,2,3,1,0,-1,0,-0.0020387,0
2,0,0,0,2.3053,1,0.6535,0.22559,0,0,0.070588,0.18824,0.17647,0.31765,0,0,0.24706,0.060241,0.14458,0.072289,0,0,0.072289,0.57831,0.072289,0.34221,0.8218,0.0019847,90,12.295,41,53,0.010713,0,0.75835,0.62658,1,3,4,2,2,1,0,-1,0,-0.0010194,0
2,2,0.1618,0.15778,2.2412,1,0.56977,0.20787,0,0,0.098901,0.18681,0.15385,0.34066,0,0,0.21978,0.067416,0.1573,0.033708,0,0.022472,0.13483,0.39326,0.19101,0.30746,0.73644,1.3066e-05,180,17.554,31,45,0.0083071,0,0.70953,0.61111,1,3,2,2,2,1,0,-1,0,-0.0020387,0
2,2,0.1795,0.17571,2.2756,1,0.60595,0.21698,0,0,0.065789,0.10526,0.15789,0.42105,0.052632,0,0.19737,0.10811,0.16216,0.067568,0,0.054054,0.21622,0.2973,0.094595,0.32757,0.77263,0.0035999,90,19.904,15,49,0.010085,0,0.72746,0.7,1,3,2,2,3,1,0,-1,0,-0.0010194,0
2,0,0,0,2.4753,1,0.61216,0.22575,0,0,0.065789,0.18421,0.21053,0.27632,0,0,0.26316,0.040541,0.17568,0.081081,0,0.013514,0,0.67568,0.013514,0.36747,0.89747,0.0030896,90,8.6704,48,33,0.011774,0,0.69091,0.47799,1,3,2,2,2,1,0,0,-1,0,-0.0042735
2,0,0,0,3.1658,1,0.54364,0.17769,0,0,0.051948,0.025974,0.19481,0.36364,0.19481,0,0.16883,0.026667,0.21333,0.026667,0,0,0.10667,0.56,0.066667,0.35393,0.85573,0.0014188,61.778,7.5105,53,29,0.0093602,0,0.7396,0.752,1,3,2,2,2,1,0,-1,-1,-0.0030581,-0.002849
2,1,0.1833,0.1833,2.1129,1,0.60309,0.20997,0,0,0.1125,0.1,0.125,0.4375,0.0375,0,0.1875,0.064103,0.17949,0.051282,0,0.025641,0.21795,0.34615,0.11538,0.32758,0.77982,0.0028075,90,22.391,32,33,0.0093046,0,0.69108,0.68243,1,3,2,2,2,1,0,0,-1,0,-0.0042735
2,1,0.18348,0.18348,2.3484,1,0.49982,0.20885,0,0,0.070423,0.12676,0.12676,0.38028,0,0.042254,0.25352,0.028986,0.2029,0.086957,0,0.014493,0.10145,0.4058,0.15942,0.33761,0.82295,0.0076628,90,15.445,34,46,0.0095134,0,0.65665,0.53521,1,3,2,2,2,1,0,-1,0,-0.0010194,0
2,2,0.16227,0.15343,2.3099,1,0.47927,0.19451,0,0,0.10784,0.16667,0.12745,0.44118,0,0,0.15686,0.03,0.11,0.06,0,0.03,0.05,0.59,0.13,0.31856,0.76769,9.9088e-05,90,21.449,35,54,0.008689,0,0.71526,0.55882,1,3,3,2,3,1,0,-1,0,-0.0020387,0
2,1,0.19664,0.19664,2.0221,1,0.60079,0.231,0,0,0.10843,0.14458,0.13253,0.40964,0,0.048193,0.15663,0.074074,0.16049,0.074074,0,0,0.17284,0.40741,0.11111,0.33105,0.76976,0.0077253,180,18.289,25,49,0.0092669,0,0.65297,0.66452,1,3,2,2,2,1,0,0,-1,0,-0.0014245
2,1,0.21485,0.21485,1.787,1,0.49829,0.25398,0,0,0.14943,0,0.057471,0.4023,0.10345,0.091954,0.1954,0.082353,0.094118,0.035294,0,0.011765,0.10588,0.47059,0.2,0.34648,0.81058,0.012465,90,16.903,35,46,0.012344,0,0.69457,0.67797,1,3,3,2,3,1,0,-1,0,-0.0010194,0
2,0,0,0,1.9744,1,0.48074,0.23774,0,0,0.055556,0.15556,0.16667,0.35556,0,0.033333,0.23333,0.045455,0.21591,0.056818,0,0,0.022727,0.54545,0.11364,0.32815,0.79759,0.012104,90,15.749,43,48,0.011169,0,0.66157,0.54217,1,3,4,2,3,1,0,0,-1,0,-0.0014245
2,0,0,0,1.9226,1,0.50739,0.23821,0,0,0.067416,0.022472,0.1573,0.25843,0.19101,0.05618,0.24719,0,0.18391,0.08046,0,0,0.12644,0.43678,0.17241,0.32807,0.81281,0.0010786,100.14,13.943,31,50,0.011785,0,0.63901,0.71687,1,3,2,2,3,1,0,0,-1,0,-0.0014245
2,1,0.16351,0.16351,2.2304,1,0.53439,0.19612,0,0,0.072917,0.17708,0.16667,0.36458,0,0.010417,0.20833,0.021277,0.17021,0.06383,0,0.021277,0.10638,0.5,0.11702,0.30101,0.75886,0.0018141,90,18.262,33,46,0.009509,0,0.66511,0.63504,1,3,2,2,3,1,1,-1,0,-0.0020387,0
2,0,0,0,2.5161,1,0.59212,0.17666,0,0,0.085366,0.15854,0.20732,0.31707,0,0,0.23171,0.0875,0.15,0.0625,0,0,0.0625,0.575,0.0625,0.27946,0.68142,0.00054212,90,15.882,25,50,0.0074899,0,0.75,0.59677,1,3,3,2,4,1,0,-1,0,-0.0010194,0
2,0,0,0,2.7317,1,0.52173,0.16525,0,0,0.13265,0.14286,0.15306,0.37755,0,0.030612,0.16327,0,0.1875,0.041667,0,0.010417,0.020833,0.625,0.11458,0.28862,0.74661,0.0039113,90,13.405,51,44,0.0074224,0,0.65148,0.55652,1,3,3,2,3,1,0,-1,-1,-0.0040775,-0.0014245
2,1,0.13341,0.13341,3.1841,1,0.72743,0.15539,0,0,0.041667,0,0,0.125,0.19444,0.19444,0.44444,0.014286,0.14286,0.071429,0,0.014286,0.014286,0.65714,0.085714,0.29536,0.73846,0.0011733,49.347,9.3907,39,29,0.0061344,0,0.74639,0.68807,1,3,3,2,3,1,0,-1,0,-0.0010194,0
2,0,0,0,2.3837,1,0.59342,0.21637,0,0,0.074468,0.11702,0.14894,0.3617,0.042553,0,0.25532,0.043478,0.17391,0.1087,0,0.021739,0.19565,0.31522,0.1413,0.32559,0.79142,0.0012797,90,20.195,32,60,0.010193,0,0.71968,0.6755,1,3,4,2,4,1,0,-1,0,-0.0020387,0
2,0,0,0,2.4185,1,0.58472,0.23611,0,0,0.12644,0.13793,0.14943,0.37931,0,0.08046,0.12644,0.058824,0.18824,0.082353,0,0,0.14118,0.43529,0.094118,0.35111,0.87567,0.014896,90,15,45,49,0.012703,0,0.63858,0.60127,1,3,2,2,2,1,0,-1,0,-0.0010194,0
2,0,0,0,2.3203,1,0.56177,0.18863,0,0,0.058824,0.2,0.18824,0.35294,0,0,0.2,0.036145,0.14458,0.048193,0,0,0.12048,0.54217,0.10843,0.27607,0.676,0.0010388,90,17.409,26,51,0.0082882,0,0.70327,0.65152,1,3,2,2,3,1,0,0,-1,0,-0.0014245
2,1,0.15292,0.15292,2.4855,1,0.61413,0.18675,0,0,0.11236,0.20225,0.1236,0.33708,0,0,0.22472,0.022989,0.17241,0.068966,0,0.022989,0.11494,0.48276,0.11494,0.31213,0.78783,0.00043727,90,15.753,29,47,0.0093075,0,0.70989,0.55725,1,3,4,2,4,1,1,-1,0,-0.0010194,0]
