1,0,0,0,5.5462,1,0.7583,0.2517,0.18182,0,0,0.12121,0,0,0,0.24242,0.45455,0,0,0,0,0.03125,0,0.9375,0.03125,0.25286,0.26003,0.010466,40.412,11.593,11,20,0.0033118,0,1,0,0.94444,1,3,1,1,1,0,1,0,0.001173,0
1,1,0,0,0.028301,1,0.53887,0.41465,0.26316,0,0,0.13158,0.18421,0.052632,0,0,0.36842,0,0,0,0,0.027027,0,0,0.97297,0.41465,0.41498,0.00019718,6.6986,2.3585,29,14,0.0015252,0,1,0,1,1,1,1,1,0,-1,0,0,0,0
1,1,0,0,0.036878,1,0.58292,0.36602,0.36957,0,0,0.19565,0.065217,0,0,0.15217,0.21739,0.022222,0,0,0,0.022222,0,0,0.95556,0.36602,0.36645,0.0037283,8.9001,1.8586,36,22,0.0015735,0.043478,1,0,1,2,1,1,1,0,-1,0,0,0,0
1,1,0.24728,0.24728,0.034693,1,0.51511,0.40343,0,0.027027,0.2973,0.054054,0.21622,0,0.40541,0,0,0.38889,0,0,0,0.027778,0,0.027778,0.55556,0.40593,0.40692,0.00044393,8.0223,7.7643,23,25,0.0017028,1,0.125,0,1,2,1,1,1,0,-1,0,-1,0,-0.0024969
1,0,0,0,3.5521,1,0.58428,0.18791,0,0,0.30612,0,0.20408,0.081633,0.34694,0.061224,0,0,0,0,0,0.020833,0.41667,0.5625,0,0.18889,0.19883,0.00082392,42.373,19.001,14,36,0.0025544,0,1,1,0,1,1,1,1,1,0,0,1,0,0.0037453
1,0,0,0,5.1677,1,0.64331,0.17685,0,0,0.34091,0,0.045455,0.022727,0.40909,0.18182,0,0,0,0,0,0.046512,0.2093,0.74419,0,0.17742,0.18584,0.001094,90,13.06,25,20,0.0020312,0,1,1,0,1,1,1,1,1,0,1,0,0.00058651,0
1,0,0,0,17.651,1,0.70078,0.15433,0,0,0.23636,0,0.054545,0.14545,0.30909,0.25455,0,0,0,0,0,0,0.055556,0.92593,0.018519,0.15427,0.16078,0.0028772,40.412,7.5593,42,17,0.00095921,0,1,0.71429,0.42857,1,2,1,2,1,0,0,-1,0,-0.0024969
1,0,0,0,13.683,1,0.62548,0.13644,0,0,0.2439,0,0,0.12195,0.34146,0.21951,0.073171,0,0,0,0,0.075,0.075,0.85,0,0.13702,0.1425,0.00066901,64.836,10.755,25,21,0.0006363,0,1,1,0,1,2,1,2,1,1,1,0,0.00058651,0
1,0,0,0,71.644,1,0.61289,0.1783,0.11765,0.26471,0.11765,0,0,0,0.23529,0,0.26471,0,0,0,0,0,0.060606,0.93939,0,0.17889,0.1812,0.0012366,40.412,6.2672,24,14,0.00053452,0,1,0,0,1,3,1,2,1,0,1,0,0.00058651,0
1,1,0.0024969,0.0024969,0.037089,1,0.49217,0.28232,0,0,0.36111,0.027778,0.13889,0.083333,0.38889,0,0,0.31429,0,0,0,0.028571,0,0,0.65714,0.28482,0.28522,0.0022644,9.9914,2.311,25,18,0.00090246,0.94444,0,0,1,1,1,2,1,0,-1,0,-1,0,-0.0024969
1,0,0,0,1.387,1,0.64646,0.22126,0,0.064516,0.35484,0.12903,0.16129,0,0.29032,0,0,0,0,0,0,0.2,0.66667,0.13333,0,0.22415,0.23021,0.010438,74.155,20.951,5,16,0.0023768,0,1,1,0,1,1,1,1,1,0,1,1,0.0017595,0.0024969
1,0,0,0,25.447,1,0.67142,0.18887,0.10526,0,0.078947,0.28947,0,0.052632,0,0.23684,0.23684,0,0,0,0,0,0.10811,0.89189,0,0.19063,0.19457,0.00020629,35.357,8.4762,24,16,0.0011869,0,1,0.33333,0,1,2,1,2,1,0,1,0,0.0017595,0
1,0,0,0,10.503,1,0.66546,0.18351,0,0,0.21622,0,0,0.10811,0.37838,0.21622,0.081081,0,0,0,0,0,0.27778,0.72222,0,0.18409,0.18802,0.0025415,25.315,7.1635,19,19,0.0015995,0,1,0.78571,0,1,2,1,2,1,0,1,0,0.00058651,0
1,0,0,0,8.2885,1,0.70613,0.14442,0.24444,0,0,0.11111,0,0.15556,0.022222,0.22222,0.24444,0,0,0,0,0.022727,0.068182,0.86364,0.045455,0.145,0.15626,0.0056567,90,17.011,22,29,0.0016867,0,1,0,0.35714,1,3,1,1,1,0,1,0,0.00058651,0
1,0,0,0,18.4,1,0.60686,0.13785,0.2963,0,0,0.018519,0,0.037037,0.055556,0.27778,0.31481,0,0,0,0,0.018868,0.075472,0.86792,0.037736,0.13783,0.14756,0.0035409,59.577,10.504,40,17,0.00071941,0,1,0.66667,0.66667,1,2,1,3,1,1,0,-1,0,-0.0024969
1,0,0,0,22.456,1,0.59141,0.13914,0.035088,0,0,0.21053,0,0,0.12281,0.26316,0.36842,0,0,0,0,0,0,0.98214,0.017857,0.14031,0.1427,0.0038217,54.828,4.4021,50,8,0.00041773,0,1,0,1,1,1,1,1,1,0,1,0,0.001173,0
1,0,0,0,11.087,1,0.70274,0.27737,0,0.075,0.175,0,0.125,0.25,0.3125,0.0625,0,0,0,0,0,0.050633,0.12658,0.82278,0,0.27796,0.29316,0.0032689,90,14.712,47,49,0.0049216,0,1,1,0,1,2,1,2,1,0,1,0,0.00058651,0
1,0,0,0,29.088,1,0.87274,0.43528,0,0,0.21053,0.23158,0.084211,0.15789,0.12632,0.18947,0,0,0,0,0,0.031915,0.095745,0.87234,0,0.43586,0.44627,0.0042805,90,8.5947,62,44,0.0049663,0,1,1,0.41667,1,2,1,3,0,1,1,0,0.00058651,0
1,0,0,0,7.6342,1,0.72813,0.34359,0,0,0.1875,0.0875,0.025,0.275,0.1625,0.2625,0,0,0,0,0,0.037975,0.21519,0.73418,0.012658,0.34476,0.36365,0.0099386,90,16.386,36,48,0.0074789,0,1,0.75,0,1,2,1,2,1,0,1,0,0.001173,0
1,0,0,0,8.7583,1,0.69749,0.30743,0,0.047619,0.39683,0.095238,0.25397,0,0.20635,0,0,0,0,0,0,0.016129,0.24194,0.72581,0.016129,0.30801,0.31516,0.0038434,64.836,11.341,31,35,0.0040411,0,1,1,0.035714,1,1,1,2,1,0,1,0,0.00058651,0
1,0,0,0,27.424,1,0.89537,0.27277,0.11765,0,0,0.014706,0.14706,0.17647,0.14706,0.088235,0.30882,0,0,0,0,0,0.089552,0.89552,0.014925,0.27395,0.28118,0.0055896,90,8.1714,43,34,0.0022666,0,1,0,0.5,1,3,1,2,0,-1,1,0,0.001173,0
1,0,0,0,18.214,1,0.92273,0.29523,0,0.072289,0.38554,0,0.060241,0,0.31325,0.16867,0,0,0,0,0,0,0.097561,0.89024,0.012195,0.29581,0.3019,0.0064021,46.784,6.5341,63,27,0.0021059,0,1,0.69231,0,1,3,1,1,1,0,1,0,0.00058651,0
1,0,0,0,15.772,1,0.87121,0.41373,0,0.085366,0.21951,0.21951,0.18293,0.17073,0.12195,0,0,0,0,0,0,0.024691,0.18519,0.77778,0.012346,0.41432,0.42529,0.0071111,90,10.834,45,48,0.0061862,0,1,1,0,1,2,1,2,1,0,1,0,0.00058651,0
1,0,0,0,24.711,1,0.86343,0.30793,0,0.23288,0.19178,0.21918,0.041096,0.10959,0.10959,0,0.09589,0,0,0,0,0.013889,0.083333,0.88889,0.013889,0.30853,0.31354,0.0031096,38.598,5.5302,48,32,0.0026938,0,1,0.7,1,1,1,1,2,1,0,1,-1,0.00058651,-0.0012484
1,0,0,0,15.369,1,0.95109,0.26811,0,0,0.18519,0.20988,0,0.08642,0.19753,0.22222,0.098765,0,0,0,0,0.0125,0.1125,0.8625,0.0125,0.26869,0.27904,0.0060213,76.781,9.4932,54,35,0.0031614,0,1,0.35714,0,1,3,1,2,1,0,1,0,0.00058651,0
1,0,0,0,11.604,1,0.72694,0.28968,0.125,0,0,0.125,0,0,0.10417,0.29167,0.35417,0,0,0,0,0,0.06383,0.91489,0.021277,0.29026,0.29728,0.011766,46.784,7.535,29,22,0.0030977,0,1,0,0.7,1,3,1,1,1,0,1,0,0.00058651,0
1,0,0,0,6.5419,1,0.72154,0.32744,0.22222,0,0,0.066667,0,0,0,0.28889,0.42222,0,0,0,0,0.022727,0.022727,0.93182,0.022727,0.32976,0.33954,0.0051682,64.836,10.457,25,14,0.004661,0,1,0.1,1,1,1,1,2,1,1,1,0,0.002346,0
1,0,0,0,6.3849,1,0.82724,0.35214,0.17241,0,0,0.12069,0.017241,0,0,0.22414,0.46552,0,0,0,0,0.017544,0.12281,0.85965,0,0.35273,0.36512,0.013669,64.836,10.825,28,32,0.0072739,0,1,0,0.68182,1,3,1,1,1,0,1,0,0.00058651,0
1,0,0,0,7.9296,1,0.70369,0.32725,0.10294,0,0,0.073529,0,0.14706,0.029412,0.27941,0.36765,0,0,0,0,0,0.074627,0.91045,0.014925,0.32784,0.34065,0.018945,50.369,12.032,41,32,0.0064626,0,1,0,0.66667,1,3,1,1,1,0,1,0,0.00058651,0
1,0,0,0,3.7584,1,0.80346,0.34725,0,0,0.43077,0,0.35385,0,0.21538,0,0,0,0,0,0,0.0625,0.42188,0.51563,0,0.34958,0.36173,0.0027726,46.784,20.418,18,50,0.0080497,0,1,1,0,1,1,1,1,1,0,1,1,0.0017595,0.0024969
1,0,0,0,11.223,1,0.60039,0.25261,0.12698,0,0,0.12698,0.095238,0,0,0.1746,0.47619,0,0,0,0,0,0,0.95161,0.048387,0.2532,0.26186,0.0052057,90,10.987,45,23,0.0024566,0,1,0,1,1,1,1,1,1,0,1,0,0.00058651,0
1,1,0.0012484,0.0012484,0.024726,1,0.54566,0.40212,0.26667,0.066667,0,0,0.1,0.21667,0,0,0.35,0,0,0,0,0.016949,0,0,0.98305,0.40337,0.40394,0.00033793,13.219,2.8439,36,31,0.0016006,0,1,0,1,1,1,1,1,0,-1,0,-1,0,-0.0012484
1,0,0,0,0.82262,1,0.7484,0.39569,0,0,0.4,0,0.21667,0.016667,0.3,0.066667,0,0,0,0,0,0.64407,0.23729,0.11864,0,0.39606,0.40407,0.0076432,59.577,21.437,11,30,0.0058131,0,1,1,0,1,1,1,1,1,1,1,0,0.00058651,0
1,0,0,0,1.2541,1,0.69848,0.47058,0.30526,0,0,0.031579,0.28421,0,0,0.021053,0.35789,0,0,0,0,0,0,0.68085,0.31915,0.47259,0.49104,0.0034738,59.577,23.219,15,56,0.011958,0,1,0,1,1,1,1,1,1,0,1,-1,0.00058651,-0.0024969
1,0,0,0,0.89212,1,0.56006,0.47899,0.32911,0,0,0.075949,0.24051,0,0,0.050633,0.3038,0,0,0,0,0.012821,0,0.42308,0.5641,0.48016,0.49313,0.013969,64.836,21.819,15,44,0.010609,0,1,0,1,1,1,1,1,0,0,1,0,0.0017595,0
1,0,0,0,0.66334,1,0.52583,0.42339,0.27536,0,0,0.014493,0.26087,0,0,0,0.44928,0,0,0,0,0,0,0.22059,0.77941,0.42547,0.43287,0.0029591,90,19.254,12,41,0.0064703,0,1,0,1,1,1,1,1,1,-1,0,-1,0,-0.0024969
1,0,0,0,0.63407,1,0.52669,0.44855,0.43636,0,0,0,0.23636,0,0,0,0.32727,0,0,0,0,0,0,0.12963,0.87037,0.45234,0.45734,0.00071109,90,20.809,18,30,0.0048755,0,1,0,1,1,1,1,1,1,-1,1,-1,0.001173,-0.0037453
1,0,0,0,0.67321,1,0.48462,0.43555,0.23438,0,0,0.03125,0.25,0,0,0.046875,0.4375,0,0,0,0,0.015873,0,0.15873,0.8254,0.43795,0.44411,0.011813,64.836,18.43,17,34,0.0060892,0,1,0,1,1,1,1,1,0,0,1,-1,0.00058651,-0.0024969
1,0,0,0,0.98631,1,0.79402,0.31697,0,0,0.30435,0,0.26087,0.043478,0.32609,0.065217,0,0,0,0,0,0.48889,0.44444,0.066667,0,0.31739,0.324,0.0061448,70.467,19.322,10,24,0.0037633,0,1,1,0,1,1,1,1,1,1,1,0,0.00058651,0
1,0,0,0,0.62999,1,0.55741,0.44624,0.36765,0,0,0,0.25,0,0,0.014706,0.36765,0,0,0,0,0,0,0.16418,0.83582,0.45004,0.45908,0.00064409,90,25.931,11,38,0.006869,0,1,0,1,1,1,1,1,1,-1,1,-1,0.001173,-0.0037453
1,0,0,0,0.71145,1,0.81538,0.42458,0,0,0.38889,0,0.20833,0.013889,0.38889,0,0,0,0,0,0,0.74648,0.14085,0.11268,0,0.42594,0.43485,0.0017394,69.402,24.436,15,38,0.0064666,0,1,1,0,1,1,1,1,1,1,1,1,0.00058651,0.0012484
1,0,0,0,0.61073,1,0.78685,0.4221,0,0,0.33333,0,0.19048,0.015873,0.44444,0.015873,0,0,0,0,0,0.87097,0.096774,0.032258,0,0.42423,0.43114,4.1444e-05,64.836,18.162,17,28,0.0047455,0,1,1,0,1,1,1,1,1,1,0,1,0,0.0024969
1,0,0,0,0.48828,1,0.74123,0.42236,0,0,0.42857,0.035714,0.21429,0,0.32143,0,0,0,0,0,0,0.83636,0.036364,0.12727,0,0.42374,0.43008,0.0046505,76.781,23.013,17,31,0.0041997,0,1,1,0,1,1,1,1,1,0,1,1,0.00058651,0.0012484
1,0,0,0,0.38358,1,0.81068,0.50255,0,0,0.325,0.075,0.225,0,0.375,0,0,0,0,0,0,0.94872,0,0.051282,0,0.50276,0.50668,0.012118,75.197,12.467,13,22,0.0054518,0,1,1,0,1,1,1,1,0,1,1,0,0.00058651,0
1,0,0,0,24.325,1,0.57984,0.27214,0.2449,0,0.18367,0.061224,0.14286,0.20408,0,0.16327,0,0,0,0,0,0,0.125,0.875,0,0.27332,0.27856,0.0018085,35.357,9.6641,28,28,0.0020715,0,1,0.44444,0.55556,1,2,1,3,1,0,1,0,0.001173,0
4,0,0,0,1.4036,1,0.89116,0.19563,0,0.20787,0,0.11236,0.24719,0.17416,0,0.25843,0,0.068966,0.028736,0.10345,0,0.0057471,0.12644,0.35632,0.31034,0.29397,1.3104,0.049673,90,4.848,251,114,0.0080946,0.53202,1,0.012346,0.45988,5,5,5,6,1,0,0,-1,0,-0.0012484
4,1,0.00058651,0.00058651,1.0873,1,0.91211,0.21015,0,0.19872,0,0.11538,0.32051,0.16667,0,0.19872,0,0.098684,0.0065789,0.085526,0,0.013158,0.14474,0.40789,0.24342,0.26672,1.2458,0.055336,180,8.1733,163,110,0.0087995,0.41371,0.99878,0.011331,0.50992,7,11,7,6,1,0,-1,0,-0.00058651,0
