A
3,2,0.23452,0.1626,0.26021,1,0.61273,0.09622,0,0.22078,0.012987,0.11688,0.077922,0.24675,0.12987,0,0.19481,0.2973,0,0.013514,0,0.054054,0.081081,0.16216,0.39189,0.40573,1.2364,0.086879,144.83,11.752,36,42,0.0020682,0.5642,0.87549,0,0.55603,4,6,3,4,-1,-1,-1,0,-0.00058651,0
3,2,0.23848,0.073993,0.27701,1,0.72071,0.10091,0,0.23711,0.030928,0.12371,0.15464,0.17526,0.12371,0,0.15464,0.25532,0,0.021277,0,0.053191,0.031915,0.23404,0.40426,0.40265,1.2649,0.094691,97.645,11.672,46,51,0.002395,0.56044,0.84615,0,0.58963,4,9,3,4,-1,-1,1,0,0.00058651,0
3,1,0.25615,0.25615,0.33754,1,0.71455,0.10646,0,0.23077,0.021978,0.15385,0.10989,0.18681,0.13187,0,0.16484,0.35227,0,0.034091,0.022727,0.011364,0,0.23864,0.34091,0.4178,1.2757,0.10062,90,9.07,67,41,0.0027691,0.56433,0.78363,0,0.57353,4,8,3,3,-1,0,1,0,0.00058651,0
3,1,0.26394,0.26394,0.29481,1,0.59199,0.12971,0,0.1913,0.043478,0.10435,0.14783,0.2,0.15652,0,0.15652,0.32143,0,0.026786,0,0.017857,0.017857,0.20536,0.41071,0.44202,1.354,0.097567,180,13.067,83,63,0.003068,0.6,0.91613,0,0.59717,4,7,3,3,-1,-1,1,0,0.00058651,0
3,2,0.28308,0.00058651,0.32321,1,0.70878,0.12348,0.011494,0.27586,0.022989,0.14943,0.10345,0.2069,0.10345,0,0.12644,0.2619,0,0.02381,0,0.02381,0.035714,0.22619,0.42857,0.44575,1.3506,0.096326,180,12.68,47,50,0.0023182,0.5493,0.80282,0,0.51938,4,6,3,4,-1,-1,-1,0,-0.00058651,0
3,2,0.25708,0.2502,0.31842,1,0.67595,0.10564,0,0.27619,0,0.19048,0.095238,0.17143,0.15238,0,0.11429,0.34314,0,0.019608,0,0.039216,0.039216,0.19608,0.36275,0.40317,1.2269,0.093751,90,9.6225,76,57,0.0026536,0.56066,0.79016,0.0066667,0.56889,3,7,3,3,-1,-1,0,1,0,0.0012484
B
2,4,0.43634,0.077512,0.20634,1,0.50269,0.42887,0.10656,0.04918,0.065574,0.18033,0.11475,0.11475,0.22131,0.04918,0.098361,0.3,0.14167,0.1,0,0.033333,0.016667,0.15,0.25833,0.50089,1.1882,0.10344,180,11.445,75,77,0.027228,0.28814,0.0056497,0.0099256,0.99752,3,3,4,3,-1,-1,-1,0,-0.001173,0
2,2,0.2349,0.1978,0.24468,1,0.50313,0.48644,0.18116,0.15217,0,0.19565,0.10145,0.050725,0.18116,0.028986,0.1087,0.17647,0.022059,0.095588,0.014706,0.0073529,0.036765,0.13971,0.50735,0.52129,1.3482,0.10184,180,10.912,101,77,0.036821,0,0.0088889,0,0.93287,5,3,4,4,1,-1,-1,0,-0.001173,0
2,4,0.34347,0.18103,0.16947,1,0.54737,0.37834,0.086538,0.057692,0.11538,0.17308,0.096154,0.076923,0.21154,0.067308,0.11538,0.42157,0.078431,0.098039,0,0.029412,0.0098039,0.10784,0.2549,0.53313,1.1878,0.093027,180,10.476,73,52,0.023797,0.3038,0.088608,0.020548,1,3,3,4,3,0,-1,-1,0,-0.00058651,0
2,1,0.2522,0.2522,0.21505,1,0.53195,0.42528,0.078947,0.087719,0.11404,0.17544,0.096491,0.11404,0.21053,0.052632,0.070175,0.27679,0.10714,0.044643,0,0.026786,0.035714,0.125,0.38393,0.51778,1.2599,0.079674,180,11.742,86,66,0.029114,0.33333,0,0,0.99531,4,3,4,4,-1,-1,0,1,0,0.0012484
2,1,0.27852,0.27852,0.21715,1,0.55815,0.40442,0.066667,0.060606,0.10303,0.13939,0.09697,0.11515,0.24242,0.042424,0.13333,0.2454,0.07362,0.20859,0.01227,0.006135,0.01227,0.15951,0.28221,0.55296,1.3651,0.10137,180,10.63,159,99,0.036456,0.3125,0,0.013333,0.99111,4,5,4,4,1,-1,-1,0,-0.001173,0
2,3,0.30795,0.12629,0.17997,1,0.5434,0.49964,0.152,0.064,0.144,0.152,0.112,0.08,0.168,0.024,0.104,0.28455,0.065041,0.089431,0,0.01626,0.04878,0.15447,0.34146,0.54585,1.3078,0.099927,180,9.0923,107,73,0.028491,0.19767,0,0.022272,0.96882,3,4,4,4,0,-1,-1,0,-0.00058651,0
C
1,2,0.38568,0.36048,0.30307,1,0.57614,0.54321,0.16129,0.096774,0.22581,0.16129,0,0,0.12903,0.064516,0.16129,0.2623,0.04918,0.14754,0.065574,0.16393,0.016393,0.065574,0.22951,0.53945,1.0647,0.18965,73.474,16.236,19,33,0.1247,1,0.9458,0.12937,0.88462,2,2,1,2,0,1,1,1,0.00058651,0.0037453
1,2,0.27338,0.13697,0.3556,1,0.5231,0.36595,0.14085,0.15493,0.11268,0.1831,0,0,0.14085,0.084507,0.1831,0.21429,0.071429,0.14286,0.028571,0.1,0.057143,0.1,0.28571,0.3635,0.58157,0.199,87.31,14.289,16,39,0.046298,0.91463,1,0.043077,0.93846,2,2,1,2,-1,1,1,1,0.0017595,0.0024969
1,0,0,0,0.37484,1,0.71071,0.20107,0.13208,0.16981,0.056604,0.13208,0,0,0.18868,0.09434,0.22642,0.25,0,0.17308,0.019231,0.038462,0.096154,0.23077,0.19231,0.20108,0.36217,0.1215,90,16.025,14,37,0.017088,0.93333,1,0.079787,0.93617,2,2,1,2,-1,1,1,0,0.00058651,0
1,1,0.00058651,0.00058651,0.44694,1,0.76749,0.19572,0.18182,0.13636,0.13636,0.13636,0,0,0.090909,0.13636,0.18182,0.2093,0.069767,0.11628,0.046512,0.069767,0.093023,0.18605,0.2093,0.19566,0.36349,0.094708,90,25.224,8,27,0.017422,0.8125,0.99432,0.1027,0.94595,2,2,2,2,0,1,-1,0,-0.00058651,0
1,0,0,0,0.3947,1,0.63499,0.26258,0.1087,0.1087,0.13043,0.15217,0,0,0.15217,0.1087,0.23913,0.26667,0.066667,0.066667,0.066667,0.022222,0.066667,0.24444,0.2,0.26383,0.45797,0.15372,64.836,15.471,14,25,0.027773,0.87805,1,0.10246,0.96721,2,2,1,3,-1,1,0,-1,0,-0.0012484
1,0,0,0,0.43848,1,0.68433,0.24058,0.16667,0.083333,0.11111,0.16667,0,0,0.19444,0.083333,0.19444,0.22857,0.057143,0.11429,0.028571,0.028571,0.085714,0.17143,0.28571,0.24063,0.39931,0.13243,60.588,15.55,11,24,0.022981,0.81633,1,0.047619,0.9619,2,2,1,2,-1,1,1,0,0.00058651,0
D
2,0,0,0,0.30067,1,0.64514,0.25219,0.10938,0.046875,0.125,0.09375,0,0.078125,0.32813,0.09375,0.125,0.25806,0.080645,0.16129,0,0.016129,0.048387,0.032258,0.40323,0.25287,0.64215,0.0597,79.758,7.5668,55,36,0.0096567,0.027778,0,0.10222,1,4,3,3,2,0,-1,-1,0,-0.00058651,0
2,0,0,0,0.33482,1,0.59747,0.32638,0.16667,0.10256,0.064103,0.11538,0,0.064103,0.26923,0.076923,0.14103,0.32895,0.065789,0.14474,0.026316,0,0,0.065789,0.36842,0.3116,0.73665,0.091627,46.784,8.7178,52,52,0.013774,0.18325,0,0.0074627,0.98134,3,5,2,2,-1,-1,-1,0,-0.0017595,0
2,3,0.0052947,0.0013793,0.27731,1,0.51433,0.33982,0.15476,0.059524,0.059524,0.14286,0,0.10714,0.27381,0.10714,0.095238,0.32927,0.073171,0.10976,0,0.060976,0.036585,0.036585,0.35366,0.3305,0.80049,0.083795,180,12.244,59,47,0.013204,0.13529,0.0058824,0.055556,0.99653,4,6,3,3,-1,-1,0,1,0,0.0012484
2,2,0.34214,0.00058651,0.29423,1,0.55419,0.34356,0.20732,0.097561,0.085366,0.097561,0,0.097561,0.26829,0.060976,0.085366,0.25,0.125,0.0375,0,0.0375,0.0125,0.1125,0.425,0.34297,0.77971,0.080019,90,12.482,61,49,0.013943,0.12155,0.0055249,0.048443,1,4,3,3,2,0,0,1,0,0.00058651,0
2,0,0,0,0.2739,1,0.58997,0.30837,0.15238,0.085714,0.085714,0.11429,0,0.095238,0.27619,0.095238,0.095238,0.30097,0.097087,0.087379,0,0,0.058252,0.067961,0.38835,0.30156,0.70343,0.078473,78.206,9.3275,84,66,0.011055,0.092715,0.05298,0.019305,1,3,3,2,2,-1,-1,-1,-1,-0.001173,-0.0024969
2,1,0.17982,0.17982,0.2676,1,0.63527,0.27966,0.18605,0.034884,0.069767,0.10465,0,0.13953,0.26744,0.093023,0.10465,0.15476,0.14286,0.02381,0,0.011905,0.011905,0.071429,0.58333,0.28717,0.64814,0.075661,75.1,7.6403,64,49,0.0090327,0,0.014815,0.042194,0.98734,3,3,2,2,0,-1,-1,0,-0.001173,0
E
3,1,0.0038515,0.0038515,0.38408,1,0.69339,0.18158,0.15966,0.067227,0.02521,0.15966,0.14286,0.042017,0.20168,0.07563,0.12605,0.034483,0,0.0086207,0,0.077586,0.14655,0.50862,0.22414,0.17923,0.6835,0.040519,180,9.476,130,67,0.0078408,0,0.97854,0.010526,0.93333,4,5,4,5,1,0,-1,-1,-0.001173,-0.0012484
3,3,0.34843,0,0.31488,1,0.61099,0.23553,0.19048,0.13333,0.17143,0.13333,0,0.028571,0.14286,0.057143,0.14286,0.058824,0,0.0098039,0,0.058824,0.16667,0.51961,0.18627,0.17108,0.61614,0.039911,180,11.48,76,59,0.0057306,0,1,0.060932,1,5,5,4,5,1,0,0,0,0,0
3,0,0,0,0.29193,1,0.60297,0.18886,0.15493,0.084507,0.042254,0.16901,0.12676,0,0.19718,0.070423,0.15493,0,0,0.014706,0,0.044118,0.25,0.36765,0.32353,0.13281,0.46301,0.029319,69.402,9.5073,81,41,0.0039557,0.072848,0.99338,0.090535,1,4,4,3,4,1,1,0,-1,0,-0.0012484
3,1,0.1165,0.1165,0.30413,1,0.59393,0.12419,0.12821,0.10256,0.012821,0.17949,0.10256,0.051282,0.24359,0.051282,0.12821,0.053333,0,0,0,0.093333,0.16,0.45333,0.24,0.10883,0.39385,0.035408,90,7.6377,83,40,0.0027613,0.01626,1,0.12105,1,4,4,5,4,1,1,1,0,0.00058651,0
3,1,0.075329,0.075329,0.28685,1,0.58286,0.14566,0.10588,0.058824,0.10588,0.14118,0.082353,0.058824,0.22353,0.094118,0.12941,0.14634,0,0,0,0.02439,0.18293,0.5,0.14634,0.11087,0.42155,0.036314,58.649,6.631,112,46,0.003165,0.20472,1,0.052885,0.95673,4,7,3,3,1,0,1,0,0.00058651,0
3,0,0,0,0.35121,1,0.56557,0.15499,0.084211,0.084211,0.094737,0.10526,0.084211,0.10526,0.21053,0.094737,0.13684,0.19565,0,0,0,0,0.086957,0.63043,0.086957,0.12936,0.48245,0.045561,90,7.3038,114,56,0.0038901,0.16883,1,0,1,4,4,3,4,1,0,0,-1,0,-0.0012484
F
3,2,0.22042,0.22042,0.28693,1,0.81992,0.078736,0.18462,0.12308,0.10769,0.076923,0.10769,0.18462,0.15385,0.061538,0,0,0,0,0,0.064516,0.24194,0.33871,0.35484,0.17592,0.5603,0.04509,46.784,8.492,44,33,0.00064362,0,1,0.028481,0.47468,3,7,3,3,1,-1,1,0,0.001173,0
3,1,0.1812,0.1812,0.3035,1,0.78792,0.069839,0.19697,0.075758,0.13636,0.21212,0.090909,0.13636,0.15152,0,0,0.047619,0,0,0,0.031746,0.15873,0.44444,0.31746,0.13625,0.42081,0.023408,180,10.969,48,40,0.00036538,0,0.91781,0.066372,0.42035,4,8,3,4,1,0,1,0,0.00058651,0
3,1,0.14741,0.14741,0.28232,1,0.80184,0.064332,0.2,0.05,0.13333,0.18333,0.066667,0.13333,0.23333,0,0,0,0,0,0,0.035088,0.17544,0.40351,0.38596,0.12371,0.38564,0.025746,180,8.2195,48,26,0.0003295,0,1,0.061033,0.51174,3,7,3,3,1,0,1,1,0.0029326,0.0012484
3,2,0.16921,0.099194,0.29825,1,0.77414,0.071242,0.15873,0.095238,0.12698,0.15873,0.11111,0.15873,0.19048,0,0,0.15,0,0,0,0.066667,0.033333,0.53333,0.21667,0.14456,0.44962,0.026777,180,11.072,37,33,0.00047765,0.11765,0.84967,0,0.49793,3,7,3,3,1,-1,1,0,0.0017595,0
3,1,0.081184,0.081184,0.34998,1,0.76156,0.049519,0.18519,0.12963,0.074074,0.14815,0.11111,0.2037,0.14815,0,0,0.058824,0,0,0,0.058824,0.11765,0.5098,0.2549,0.091673,0.28498,0.020919,64.836,11.792,28,27,0.0002614,0,1,0.060403,0.48322,4,5,5,3,1,0,1,0,0.001173,0
3,1,0.057695,0.057695,0.30263,1,0.88428,0.052025,0.2093,0.11628,0.069767,0.16279,0.093023,0.18605,0.16279,0,0,0.05,0,0,0,0.075,0.275,0.325,0.275,0.092767,0.28734,0.021071,90,16.335,15,24,0.00021625,0,1,0.055215,0.43558,4,5,3,3,1,0,1,0,0.00058651,0
G
2,0,0,0,0.45928,1,0.80275,0.070264,0.064935,0.077922,0.12987,0.1039,0.025974,0.18182,0.077922,0.12987,0.20779,0.16,0.013333,0.14667,0.013333,0.14667,0.053333,0.2,0.26667,0.092575,0.36605,0.041415,90,13.51,41,55,0.0044144,0.87786,0.99237,0.074627,1,4,4,3,3,0,1,0,-1,0,-0.0024969
2,2,0.035152,0.028714,0.37299,1,0.80837,0.083195,0.054795,0.082192,0.13699,0.068493,0.054795,0.13699,0.09589,0.13699,0.23288,0.14085,0.028169,0.084507,0.056338,0.19718,0.042254,0.1831,0.26761,0.092331,0.44964,0.037109,90,15.603,35,46,0.0053824,1,0.90076,0.23636,1,3,4,2,3,0,1,0,-1,0,-0.0012484
2,1,0.20259,0.20259,0.36628,1,0.80857,0.083342,0.040541,0.067568,0.16216,0.10811,0.013514,0.13514,0.13514,0.13514,0.2027,0.15278,0.013889,0.069444,0.069444,0.23611,0.055556,0.13889,0.26389,0.10481,0.47168,0.038369,81.1,8.8437,55,43,0.0061814,1,0.94203,0.13559,1,3,4,2,3,0,1,0,-1,0,-0.0012484
2,1,0,0,0.465,1,0.83923,0.086873,0.050633,0.075949,0.11392,0.088608,0.025316,0.20253,0.10127,0.088608,0.25316,0.22078,0.025974,0.090909,0.064935,0.15584,0.012987,0.22078,0.20779,0.095141,0.55977,0.028345,90,12.754,51,40,0.0095447,1,0.79381,0.34694,1,4,4,2,3,0,1,0,0,0,0
2,1,0.13859,0.13859,0.38871,1,0.78323,0.10289,0.083333,0.069444,0.11111,0.097222,0.013889,0.22222,0.15278,0.069444,0.18056,0.15714,0.028571,0.071429,0.057143,0.15714,0.028571,0.21429,0.28571,0.10653,0.54015,0.04513,90,11.345,43,40,0.0082999,1,0.93252,0.22843,1,3,4,3,4,-1,1,0,-1,0,-0.0024969
2,1,0.068727,0.068727,0.36575,1,1.0024,0.088256,0.055556,0.069444,0.069444,0.083333,0.027778,0.20833,0.097222,0.18056,0.20833,0.14286,0.014286,0.1,0,0.12857,0.057143,0.21429,0.34286,0.10251,0.37909,0.05122,90,18.883,32,42,0.0043706,0.94828,0.9569,0.060403,1,4,3,2,3,-1,1,0,-1,0,-0.0012484
H
3,4,0.20282,0.037494,0.29452,1,0.73717,0.099738,0.17284,0,0.08642,0.17284,0.061728,0.25926,0.098765,0,0.14815,0.42308,0,0.012821,0,0.064103,0.089744,0.16667,0.24359,0.28762,0.87462,0.05572,90,7.0054,47,33,0.001011,0.14634,0.96585,0,0.52905,3,7,3,3,0,-1,1,0,0.00058651,0
3,1,0.09757,0.09757,0.19479,1,0.7552,0.037399,0.12903,0,0.096774,0.14516,0.064516,0.27419,0.14516,0,0.14516,0.28814,0,0.016949,0.016949,0.016949,0,0.25424,0.40678,0.17087,0.52618,0.039363,90,10.815,43,38,0.00049535,0.17647,0.96471,0.068293,0.60488,3,7,4,3,0,-1,1,0,0.0017595,0
3,1,0.062425,0.062425,0.37584,1,0.79698,0.038621,0.12195,0,0.097561,0.12195,0.04878,0.2439,0.14634,0,0.21951,0.36842,0,0.026316,0,0.052632,0,0.23684,0.31579,0.10909,0.33201,0.020851,180,11.878,25,24,0.0001977,0.14,0.93,0,0.6,4,6,3,3,0,-1,0,0,0,0
3,0,0,0,0.36418,1,0.82794,0.058034,0.1,0,0.1,0.125,0,0.05,0.175,0.1,0.35,0.10811,0,0,0,0,0,0.37838,0.51351,0.11587,0.35002,0.02101,35.357,6.7281,21,20,0.00029472,0.01,1,0.15504,0.75194,5,3,3,3,0,-1,1,0,0.001173,0
3,1,0.076585,0.076585,0.32524,1,0.83314,0.05171,0.10256,0,0.12821,0.15385,0.076923,0.25641,0.15385,0,0.12821,0.16667,0,0.027778,0,0.027778,0,0.33333,0.44444,0.14021,0.42265,0.017901,40.412,9.2839,17,16,0.00022223,0.068376,0.91453,0.11243,0.53254,4,3,3,3,0,-1,1,0,0.00058651,0
3,1,0.00058651,0.00058651,0.32065,1,0.86209,0.060539,0.087719,0,0.087719,0.17544,0.12281,0.2807,0.10526,0,0.14035,0.42593,0,0.018519,0,0.018519,0.092593,0.27778,0.16667,0.16845,0.50982,0.030114,57.937,9.7882,41,36,0.00040382,0.12403,0.91473,0,0.46032,4,3,3,3,-1,-1,-1,0,-0.00058651,0
I
3,1,0.27345,0.27345,0.10348,1,0.68284,0.020867,0.037037,0.055556,0.33333,0,0.055556,0.11111,0.055556,0.25926,0.092593,0.11765,0,0.019608,0,0.019608,0,0.39216,0.45098,0.1099,0.33263,0.014115,64.836,3.8083,67,21,0.00020978,0,0.9,0,1,3,3,3,3,1,0,1,-1,0.00058651,-0.0012484
3,2,0.12997,0.012176,0.14813,1,0.80842,0.012317,0.14286,0.071429,0.19048,0,0.02381,0.095238,0.11905,0.35714,0,0.35897,0,0,0,0.076923,0.025641,0.46154,0.076923,0.05473,0.16551,0.0092101,46.784,3.5315,31,12,8.5792e-05,0,0.65714,0.027027,1,3,3,3,3,1,0,1,0,0.00058651,0
3,0,0,0,0.12528,1,0.75544,0.017595,0.10256,0.15385,0.23077,0,0.10256,0,0.051282,0.25641,0.10256,0.25,0,0,0,0.027778,0.027778,0.47222,0.22222,0.06221,0.18884,0.0090817,57.937,4.0054,40,18,0.00015633,0.11111,0.86111,0.02963,1,3,3,3,3,1,0,1,0,0.00058651,0
3,0,0,0,0.11033,1,0.75406,0.019123,0.052632,0.052632,0.23684,0,0.15789,0,0.078947,0.28947,0.13158,0.22857,0,0,0,0.11429,0.11429,0.17143,0.37143,0.061845,0.1905,0.0089121,64.836,9.2929,38,22,0.00010092,0.12903,1,0.068182,0.95455,3,4,3,3,1,1,1,0,0.00058651,0
3,0,0,0,0.18144,1,0.74677,0.0226,0.11111,0.27778,0.027778,0,0.13889,0,0.027778,0.30556,0.11111,0.15152,0,0.030303,0,0,0.030303,0.39394,0.39394,0.070952,0.21571,0.0040004,84.632,4.7658,45,16,0.00010874,0,1,0,1,3,4,3,3,1,0,1,0,0.00058651,0
3,0,0,0,0.1985,1,0.74989,0.020557,0.085714,0.11429,0.17143,0,0.085714,0.057143,0,0.085714,0.4,0.0625,0,0,0,0.03125,0,0.46875,0.4375,0.067741,0.20889,0.0023298,90,9.2665,24,26,9.3236e-05,0,1,0.021127,1,4,3,3,4,1,1,0,-1,0,-0.0012484
J
1,2,0.21265,0.067902,0.22015,1,0.61225,0.1978,0.052632,0.070175,0.31579,0,0,0.087719,0.17544,0.12281,0.17544,0.32143,0,0.14286,0.089286,0.071429,0.10714,0.10714,0.16071,0.19406,0.46987,0.081726,180,25.36,23,35,0.014271,0.22321,0,0.029289,0.67782,1,3,2,2,1,0,0,1,0,0.0037453
2,1,0.058427,0.058427,0.21911,1,0.63889,0.20398,0.064516,0.080645,0.27419,0,0,0.16129,0.12903,0.096774,0.19355,0.33333,0,0.083333,0.15,0.1,0.033333,0.15,0.15,0.14302,0.46736,0.057574,90,10.661,45,39,0.0037658,0,0.20721,0.05042,0.73109,2,6,2,2,1,0,-1,1,-0.00058651,0.0012484
2,1,0.2268,0.2268,0.23895,1,0.66446,0.19623,0.13333,0.21667,0.13333,0,0.13333,0,0.13333,0.25,0,0.15517,0,0.068966,0.12069,0.017241,0.086207,0.27586,0.27586,0.13006,0.42635,0.042954,180,11.445,43,28,0.0032198,0.033898,0,0.038793,0.74569,3,6,3,3,1,0,0,1,0,0.0012484
2,0,0,0,0.17617,1,0.67152,0.21734,0.083333,0.083333,0.25,0,0,0.11667,0.18333,0.16667,0.11667,0.12069,0,0.10345,0.12069,0.15517,0.051724,0.15517,0.2931,0.13495,0.392,0.033689,90,14.771,49,37,0.0026047,0,0.13095,0.040179,0.81696,3,7,2,2,1,-1,-1,0,-0.00058651,0
2,0,0,0,0.18615,1,0.70054,0.19252,0.038462,0.076923,0.26923,0,0,0.11538,0.21154,0.15385,0.13462,0.2,0.06,0.1,0.14,0.08,0.12,0.1,0.2,0.12338,0.37291,0.025487,64.836,10.467,40,37,0.0032201,0.21429,0,0.061321,0.78774,3,5,3,2,1,0,-1,0,-0.00058651,0
2,0,0,0,0.22147,1,0.70381,0.22478,0.11864,0.084746,0.20339,0,0,0.15254,0.23729,0.10169,0.10169,0.17544,0.052632,0.10526,0.035088,0.12281,0.070175,0.22807,0.21053,0.14311,0.38213,0.041915,81.775,9.1278,50,30,0.0032571,0,0.090909,0.0095238,0.8619,3,7,2,2,1,-1,0,1,0,0.0012484
K
2,2,0.22948,0.16894,0.30115,1,0.72999,0.2397,0.089552,0,0.074627,0.34328,0.1194,0,0.1791,0.044776,0.14925,0.33846,0.046154,0.061538,0,0.030769,0,0.076923,0.44615,0.26223,0.59228,0.072504,90,11.288,31,39,0.0054565,0.093333,1,0,1,3,2,2,2,0,-1,0,-1,0,-0.0024969
2,1,0.00058651,0.00058651,0.27169,1,0.69916,0.17136,0.12,0.04,0.04,0.3,0.14,0,0.14,0.04,0.18,0.47917,0,0.0625,0,0.020833,0,0.0625,0.375,0.18689,0.40029,0.034957,115.16,12.773,32,23,0.0019054,0.13542,1,0,1,3,2,2,2,0,-1,1,0,0.00058651,0
2,2,0.086543,0.042042,0.36782,1,0.75123,0.15356,0.085106,0.042553,0.10638,0.34043,0.042553,0,0.17021,0.14894,0.06383,0.4,0.066667,0.066667,0,0.044444,0,0.044444,0.37778,0.15497,0.3404,0.03218,86.836,19.937,22,25,0.002169,0.23762,0.71287,0.062016,1,3,2,2,2,0,-1,1,0,0.00058651,0
2,3,0.089924,0.052438,0.35004,1,0.70427,0.16755,0.048387,0.064516,0.080645,0.25806,0.080645,0.016129,0.19355,0.1129,0.14516,0.41667,0.066667,0.033333,0,0.05,0,0.11667,0.31667,0.17408,0.42421,0.047463,180,16.197,31,35,0.0031533,0.37719,0.86842,0,0.96732,4,5,2,2,0,-1,1,-1,0.00058651,-0.0012484
2,2,0.15245,0.057015,0.24701,1,0.6705,0.20477,0.016667,0.066667,0.083333,0.18333,0.23333,0,0.16667,0.066667,0.18333,0.5,0,0.034483,0,0.034483,0,0.051724,0.37931,0.22465,0.47457,0.068175,90,15.347,37,30,0.0026188,0.38235,0.95098,0,0.98454,3,4,2,2,0,-1,0,-1,0,-0.0024969
2,1,0.072222,0.072222,0.29304,1,0.70801,0.23242,0.14754,0.065574,0.04918,0.27869,0.081967,0,0.11475,0.065574,0.19672,0.42373,0.016949,0.050847,0,0.050847,0,0.067797,0.38983,0.22468,0.49469,0.045928,180,18.497,34,36,0.0036812,0.27778,0.87302,0,1,3,4,2,2,0,-1,1,-1,0.00058651,-0.0024969
L
1,1,0.13304,0.13304,0.22647,1,0.61984,0.49345,0.19697,0,0,0.13636,0,0,0.30303,0.16667,0.19697,0.076923,0,0,0,0.030769,0.10769,0.30769,0.47692,0.49589,0.60579,0.1124,90,10.13,35,40,0.027609,0.037234,1,0,0.99487,3,2,2,2,0,-1,0,-1,0,-0.0024969
1,0,0,0,0.29651,1,0.85854,0.15272,0.2093,0,0,0.13953,0,0,0.34884,0.093023,0.2093,0,0,0,0,0.047619,0.047619,0.33333,0.57143,0.15289,0.19873,0.044991,90,6.926,31,15,0.0034539,0,1,0,0.95902,1,3,1,1,0,0,1,0,0.00058651,0
1,4,0.085693,0.035269,0.25665,1,0.92845,0.13891,0.17391,0,0,0.21739,0,0,0.36957,0.065217,0.17391,0,0,0,0,0.088889,0,0.31111,0.6,0.1392,0.16503,0.031747,90,6.9111,26,17,0.0022377,0,1,0,1,1,1,1,1,0,-1,1,0,0.001173,0
1,0,0,0,0.25237,1,0.83083,0.15565,0.096774,0,0,0.19355,0,0,0.41935,0.064516,0.22581,0.066667,0,0.033333,0,0,0,0.36667,0.53333,0.1558,0.18603,0.052341,90,16.124,18,13,0.0030091,0,1,0,1,2,1,2,1,0,-1,1,0,0.00058651,0
1,1,0.080766,0.080766,0.30115,1,0.89475,0.14085,0.12821,0,0,0.17949,0,0,0.33333,0.12821,0.23077,0.23684,0,0,0,0.10526,0.052632,0.34211,0.26316,0.13844,0.19579,0.076267,64.836,16.054,16,24,0.0036845,0.17333,1,0,0.91453,2,4,2,1,1,-1,0,1,0,0.0024969
1,0,0,0,0.22215,1,0.84849,0.16083,0,0.18421,0,0.18421,0,0,0.36842,0.052632,0.21053,0.40541,0,0,0,0.027027,0,0.35135,0.21622,0.16097,0.19256,0.09907,90,11.983,16,26,0.0033192,0.45902,1,0,0.99225,2,4,1,1,0,-1,1,0,0.001173,0
M
2,3,0.30087,0,0.4542,1,0.62397,0.30594,0.13265,0.010204,0.22449,0.081633,0.11224,0.091837,0.10204,0.13265,0.11224,0.26042,0,0.010417,0,0.23958,0,0.052083,0.4375,0.30172,1.1664,0.068334,180,11.988,85,59,0.014793,0.27897,1,0.037344,1,3,3,3,3,-1,-1,0,0,0,0
2,5,0.34963,0.058984,0.30704,1,0.51738,0.32791,0.1087,0,0.19565,0.076087,0.086957,0.1413,0.1087,0.15217,0.13043,0.17778,0,0,0,0.27778,0,0.022222,0.52222,0.31835,1.2927,0.074777,180,5.7024,99,38,0.012986,0.26776,1,0.082143,1,3,6,2,3,0,-1,0,-1,0,-0.0024969
2,1,0.2444,0.2444,0.35235,1,0.48075,0.1211,0.2,0,0.1875,0.1125,0.075,0.075,0.0875,0.1375,0.125,0,0,0,0,0.5,0,0.038462,0.46154,0.30468,1.2825,0.076401,166.78,9.156,65,48,0.012117,0,1,0.93382,0.99265,2,3,2,3,0,1,0,-1,0,-0.0012484
2,6,0.31855,0.047581,0.3222,1,0.44505,0.32399,0.10092,0.018349,0.18349,0.073394,0.12844,0.10092,0.10092,0.19266,0.10092,0.16822,0,0,0,0.3271,0,0.0093458,0.49533,0.30845,1.2434,0.077441,180,6.8674,115,58,0.010412,0.26257,1,0.02682,1,2,5,2,3,-1,-1,0,-1,0,-0.0024969
2,5,0.15878,0.0012484,0.58021,1,0.68967,0.26301,0.14943,0.057471,0.16092,0.10345,0.08046,0.057471,0.12644,0.18391,0.08046,0.2,0,0,0,0.29412,0,0.035294,0.47059,0.25986,1.0389,0.054663,180,7.0726,76,46,0.012018,0.1306,1,0.082949,0.91705,2,5,2,3,-1,-1,0,-1,0,-0.0012484
2,2,0.28777,0.088254,0.55725,1,0.59526,0.30234,0.13542,0.03125,0.23958,0.09375,0.10417,0.041667,0.09375,0.125,0.13542,0.20213,0,0.031915,0,0.24468,0,0.06383,0.45745,0.28645,1.07,0.062587,90,12.628,79,54,0.012083,0.24818,1,0.034632,1,2,3,2,3,-1,-1,0,-1,0,-0.0012484
N
2,4,0.34285,0.0074906,0.28828,1,0.81785,0.075551,0.125,0.069444,0.18056,0.069444,0.069444,0.125,0.16667,0,0.19444,0.2,0,0.028571,0.057143,0.32857,0,0.014286,0.37143,0.1817,0.90246,0.065656,169.36,11.221,59,42,0.0061404,0.25309,1,0.090909,0,3,7,3,2,-1,0,0,1,0,0.0024969
2,1,0.19224,0.19224,0.43251,1,0.78699,0.10414,0.14925,0,0.13433,0.074627,0.089552,0.10448,0.14925,0.1194,0.1791,0.23077,0,0.015385,0,0.33846,0,0.046154,0.36923,0.18832,0.89079,0.07875,90,11.578,52,34,0.0095665,0.24138,1,0.051587,0,2,4,2,2,0,-1,0,1,0,0.0024969
2,1,0.0024969,0.0024969,0.38926,1,0.75159,0.1078,0.19048,0,0.19048,0.11111,0.079365,0.11111,0.079365,0.047619,0.19048,0.22951,0,0.016393,0,0.40984,0,0.016393,0.32787,0.19109,0.95426,0.071586,90,6.3936,58,36,0.011407,0.21983,1,0.060714,0,2,4,2,2,-1,-1,0,1,0,0.0024969
2,2,0.1894,0.064601,0.31428,1,0.83878,0.045523,0.2029,0.043478,0.14493,0.072464,0.086957,0.072464,0.15942,0,0.21739,0.19403,0,0,0.014925,0.25373,0,0.074627,0.46269,0.10563,0.49886,0.036466,90,10.717,54,35,0.0024605,0.21649,0.97938,0.082759,0,3,7,2,2,0,-1,0,1,0,0.0012484
2,2,0.17884,0.16794,0.36467,1,0.75437,0.056607,0.14286,0,0.21429,0.089286,0.10714,0.089286,0.125,0.053571,0.17857,0.12963,0,0,0,0.40741,0,0.055556,0.40741,0.10089,0.50089,0.039198,80.305,10.358,45,32,0.0029133,0.14414,1,0.062937,0,2,6,2,2,0,-1,0,1,0,0.0012484
2,4,0.23971,0.086192,0.29362,1,0.82718,0.063177,0.1791,0,0.19403,0.089552,0.074627,0.089552,0.1194,0,0.25373,0.13846,0,0,0.015385,0.4,0,0,0.44615,0.13729,0.66278,0.050739,22.071,5.462,53,34,0.0038533,0.11667,1,0.057292,0,3,7,3,2,0,-1,0,1,0,0.0024969
O
1,0,0,0,0.40398,1,0.92549,0.026243,0.096386,0.15663,0.21687,0.060241,0,0.20482,0.12048,0.060241,0.084337,0.17073,0.012195,0.12195,0.29268,0.18293,0.02439,0.073171,0.12195,0.028738,0.61933,0.0082184,90,22.196,19,48,0.019537,0.82584,0.83708,0.42029,0.30918,2,2,3,2,1,1,0,1,0,0.0024969
1,0,0,0,0.50177,1,0.88995,0.018097,0.10938,0.125,0.35938,0.0625,0,0.078125,0.078125,0.10938,0.078125,0.11111,0.031746,0.30159,0.14286,0.19048,0.015873,0.11111,0.095238,0.018631,0.60158,0.026679,84.632,23.584,14,42,0.021248,0.77941,0.72549,0.2356,0.1623,2,2,2,2,0,1,-1,0,-0.0017595,0
1,0,0,0,0.56005,1,0.84634,0.028353,0.10959,0.082192,0.13699,0.068493,0,0.24658,0.10959,0.10959,0.13699,0.11111,0.013889,0.097222,0.23611,0.22222,0.055556,0.11111,0.15278,0.028504,0.64979,0.028833,90,17.417,23,43,0.025643,0.86364,0.80992,0.41379,0.30542,2,2,2,2,0,1,-1,0,-0.00058651,0
1,1,0.027864,0.027864,0.50227,1,0.90959,0.027771,0.125,0.10227,0.23864,0.068182,0,0.10227,0.13636,0.079545,0.14773,0.13793,0.011494,0.14943,0.21839,0.18391,0.045977,0.08046,0.17241,0.027864,0.68788,0.044222,80.305,14.984,26,55,0.028348,0.88793,0.85345,0.29493,0.19355,2,2,2,2,0,0,-1,0,-0.00058651,0
1,1,0.15521,0.15521,0.47609,1,0.91387,0.021179,0.16129,0.12903,0.26882,0.064516,0,0.086022,0.096774,0.075269,0.11828,0.1087,0.054348,0.20652,0.19565,0.16304,0.021739,0.086957,0.16304,0.021381,0.69942,0.065093,81.1,18.747,25,58,0.028743,0.71806,0.66079,0.16071,0.089286,2,2,2,2,0,1,-1,0,-0.00058651,0
1,0,0,0,0.37307,1,0.86941,0.035151,0.29091,0.036364,0.090909,0.10909,0,0.090909,0.16364,0.10909,0.10909,0.12963,0.037037,0.092593,0.16667,0.24074,0.074074,0.092593,0.16667,0.03538,0.59204,0.075657,79.357,16.233,15,30,0.018233,0.11111,0.25926,0.12745,0,2,2,2,2,1,1,1,0,0.00058651,0
P
2,1,0.31586,0.31586,0.15586,1,0.71104,0.2074,0.17978,0.067416,0.19101,0.22472,0.11236,0.044944,0.17978,0,0,0.25287,0.091954,0.13793,0.011494,0.045977,0,0.091954,0.36782,0.35474,0.84965,0.038651,180,17.763,52,49,0.0085976,0.23571,0.1,0,0.40047,4,6,2,3,-1,-1,-1,0,-0.00058651,0
2,0,0,0,0.14937,1,0.58608,0.20601,0.20732,0.060976,0.13415,0.29268,0.060976,0.097561,0.14634,0,0,0.2625,0.05,0.2,0,0,0,0.15,0.3375,0.34649,0.78698,0.048593,53.069,7.7935,65,42,0.0073486,0.10484,0,0,0.45641,4,2,3,2,-1,-1,-1,0,-0.001173,0
2,0,0,0,0.23177,1,0.7185,0.12511,0.16667,0.055556,0.23611,0.23611,0.055556,0.041667,0.20833,0,0,0.25714,0.085714,0.085714,0,0.014286,0,0.11429,0.44286,0.20319,0.47293,0.028906,90,10.234,42,41,0.0031945,0.14414,0,0.017778,0.46222,3,2,2,2,0,-1,-1,0,-0.001173,0
2,2,0.12859,0.011612,0.23143,1,0.70009,0.11127,0.16393,0.065574,0.14754,0.2623,0.081967,0.11475,0.16393,0,0,0.20339,0.10169,0.18644,0,0.067797,0,0.13559,0.30508,0.18118,0.4417,0.030005,46.784,11.057,37,29,0.0031427,0.12,0,0.044335,0.48276,4,8,2,2,0,0,-1,0,-0.001173,0
2,0,0,0,0.2523,1,0.71261,0.12736,0.17544,0.070175,0.26316,0.22807,0.087719,0.035088,0.14035,0,0,0.2,0.12727,0.10909,0,0,0,0.14545,0.41818,0.19856,0.47131,0.032973,43.216,8.7186,41,36,0.0035161,0.12931,0.086207,0,0.47222,4,2,2,2,0,-1,-1,0,-0.00058651,0
2,1,0.077056,0.077056,0.18886,1,0.69201,0.1261,0.20833,0.0625,0.22917,0.20833,0.083333,0.0625,0.14583,0,0,0.32609,0.086957,0.021739,0,0.021739,0,0.1087,0.43478,0.1886,0.41987,0.022352,46.784,7.7876,24,26,0.0023391,0.175,0.075,0,0.52764,3,2,2,2,-1,-1,-1,-1,-0.001173,-0.0024969
Q
2,0,0,0,0.47212,1,0.69266,0.092869,0.1039,0.11688,0.18182,0.064935,0,0.077922,0.090909,0.15584,0.20779,0.12,0.04,0.12,0.10667,0.25333,0,0.17333,0.18667,0.062699,0.69937,0.043981,90,8.7944,69,43,0.0094614,0.77833,0.98522,0.19307,1,4,3,3,4,0,1,-1,0,-0.001173,0
2,1,0.12068,0.12068,0.64145,1,0.81166,0.057041,0.053333,0.066667,0.14667,0.08,0,0.25333,0.08,0.08,0.24,0.068493,0.054795,0.12329,0.082192,0.19178,0.041096,0.19178,0.24658,0.039542,0.40126,0.010183,90,16.119,50,53,0.0036657,0.91549,1,0.44231,1,3,3,4,3,0,1,0,-1,0,-0.0012484
2,1,0.090957,0.090957,0.61171,1,0.87414,0.05007,0.10294,0.17647,0.11765,0.044118,0,0.058824,0.058824,0.22059,0.22059,0.10606,0.015152,0.10606,0.13636,0.15152,0,0.22727,0.25758,0.033444,0.35484,0.015285,90,10.944,39,42,0.0026662,0.656,1,0.27083,1,3,3,3,3,0,0,0,-1,0,-0.0024969
2,1,0.0024969,0.0024969,0.56502,1,0.87769,0.071658,0.073529,0.073529,0.17647,0.029412,0.029412,0.13235,0.10294,0.11765,0.26471,0.075758,0.030303,0.10606,0.10606,0.22727,0.045455,0.19697,0.21212,0.049492,0.53451,0.018613,72.61,12.686,47,41,0.0067266,0.85393,0.94382,0.37838,1,3,3,3,3,0,1,0,-1,0,-0.0024969
2,0,0,0,0.48628,1,0.86533,0.060347,0.12698,0.12698,0.12698,0.047619,0.031746,0.11111,0.079365,0.063492,0.28571,0.065574,0.016393,0.14754,0.14754,0.13115,0.016393,0.14754,0.32787,0.034584,0.39544,0.016542,90,16.467,43,44,0.0032893,0.62712,1,0.28947,1,3,3,3,3,0,1,1,0,0.001173,0
2,0,0,0,0.49664,1,0.88162,0.048538,0.06,0.06,0.02,0.06,0,0.28,0.1,0.12,0.3,0.083333,0.020833,0.083333,0.14583,0.1875,0.041667,0.16667,0.27083,0.028845,0.37109,0.013698,81.1,12.089,30,33,0.0030285,0.9009,1,0.49524,1,3,3,3,3,-1,1,1,0,0.00058651,0
R
3,2,0.093022,0.065401,0.38031,1,0.79206,0.092808,0.17722,0.10127,0.025316,0.16456,0.12658,0.025316,0.1519,0.075949,0.1519,0.078947,0.078947,0.052632,0,0.078947,0.052632,0.17105,0.48684,0.11355,0.45785,0.013915,180,19.568,48,54,0.0015915,0.033613,1,0.061224,0.96599,5,7,5,3,0,-1,1,0,0.00058651,0
3,0,0,0,0.35591,1,0.77699,0.051664,0.14035,0.10526,0.087719,0.17544,0.14035,0.052632,0.12281,0.035088,0.14035,0.22222,0.055556,0.092593,0,0.037037,0.018519,0.16667,0.40741,0.07917,0.28843,0.012304,83.301,15.372,40,28,0.00064143,0.14667,1,0.020202,0.92929,4,4,3,3,0,-1,1,0,0.001173,0
3,0,0,0,0.4342,1,0.73683,0.085899,0.10448,0.089552,0.10448,0.22388,0.13433,0.029851,0.059701,0.044776,0.20896,0.28125,0.0625,0.03125,0,0,0.03125,0.20313,0.39063,0.10907,0.37849,0.011468,76.781,11.497,37,45,0.0012267,0.15574,1,0,1,4,4,3,3,-1,-1,1,-1,0.0017595,-0.0037453
2,2,0.082896,0.077445,0.35235,1,0.76613,0.15459,0.075758,0.045455,0.090909,0.24242,0.030303,0.10606,0.13636,0.060606,0.21212,0.21875,0.0625,0.0625,0,0.03125,0,0.20313,0.42188,0.15463,0.38103,0.041504,180,13.157,47,39,0.002988,0.29032,1,0.032258,1,3,3,3,3,-1,-1,1,0,0.00058651,0
2,1,0.087581,0.087581,0.33811,1,0.74825,0.16044,0.15094,0.056604,0.056604,0.22642,0.09434,0.09434,0.11321,0.018868,0.18868,0.11765,0.098039,0.098039,0,0.019608,0,0.17647,0.4902,0.15632,0.37617,0.027085,180,11.353,46,36,0.0024304,0.084211,1,0.060606,1,4,5,3,2,0,-1,1,-1,0.00058651,-0.0024969
2,3,0.12297,0.051065,0.28523,1,0.6765,0.14962,0.1791,0.059701,0.10448,0.23881,0.10448,0,0.13433,0.029851,0.14925,0.10769,0.015385,0.030769,0,0.061538,0.061538,0.18462,0.53846,0.15889,0.39497,0.031431,180,15.904,42,34,0.0024196,0,1,0.071429,0.89286,3,5,3,4,0,-1,0,-1,0,-0.0024969
S
1,2,0.20766,0.12766,0.34228,1,0.69419,0.20766,0.15789,0.070175,0.19298,0.070175,0.087719,0.035088,0.15789,0.070175,0.15789,0.17857,0.125,0.16071,0.14286,0.089286,0,0,0.30357,0.20653,0.43655,0.045182,90,15.143,9,38,0.019033,1,0,0.11429,0.82381,2,2,2,2,0,1,0,1,0,0.0012484
1,0,0,0,0.25839,1,0.69651,0.20738,0.11111,0.044444,0.13333,0.11111,0.066667,0.044444,0.17778,0.044444,0.26667,0.18182,0.090909,0.22727,0.090909,0,0,0.022727,0.38636,0.20753,0.32907,0.11069,68.974,17.941,10,31,0.01153,0.9697,0,0.088889,0.97778,2,2,2,2,-1,1,-1,0,-0.00058651,0
1,0,0,0,0.30382,1,0.69245,0.184,0.16667,0.055556,0.11111,0.11111,0.074074,0.055556,0.11111,0.074074,0.24074,0.16981,0.11321,0.20755,0.09434,0,0,0.037736,0.37736,0.18415,0.33184,0.080936,68.62,20.898,11,32,0.010608,0.92593,0.13889,0.14371,0.99401,2,2,2,2,-1,1,-1,0,-0.00058651,0
1,0,0,0,0.37774,1,0.75189,0.14998,0.16949,0.13559,0,0.11864,0.067797,0.033898,0.15254,0.084746,0.23729,0.25862,0.017241,0.2069,0.12069,0.017241,0,0.17241,0.2069,0.14768,0.31421,0.06891,84.632,16.324,10,39,0.010795,0.4958,0,0.087838,0.86486,2,2,2,2,-1,1,-1,1,-0.00058651,0.0024969
1,0,0,0,0.31459,1,0.79623,0.12787,0.10448,0.074627,0.089552,0.074627,0.074627,0.10448,0.1791,0.089552,0.20896,0.12121,0.030303,0.33333,0.10606,0,0,0.12121,0.28788,0.1257,0.24026,0.074968,90,25.082,18,49,0.0057809,1,0.053333,0.080357,0.92857,2,2,2,2,-1,1,-1,1,-0.00058651,0.0024969
1,0,0,0,0.27133,1,0.59616,0.18203,0.13793,0.086207,0.12069,0.12069,0.086207,0.068966,0.086207,0.051724,0.24138,0.21053,0.052632,0.14035,0.087719,0.052632,0,0.12281,0.33333,0.18233,0.36573,0.079845,90,19.837,9,37,0.012142,0.82407,0.074074,0.1016,0.85561,2,2,3,2,1,0,-1,0,-0.001173,0
T
2,0,0,0,0.36012,1,0.62986,0.30466,0.22449,0.22449,0.12245,0,0.18367,0,0,0.2449,0,0.12766,0,0,0,0,0.14894,0.25532,0.46809,0.21191,0.428,0.039024,30.595,5.7096,39,27,0.00060317,0,0.49239,0.054475,1,2,2,2,3,1,0,0,-1,0,-0.0024969
2,1,0.0037453,0.0037453,0.3332,1,0.57462,0.27112,0.17188,0.21875,0.15625,0,0.20313,0,0,0.25,0,0.22581,0,0,0,0.016129,0.096774,0.32258,0.33871,0.18343,0.37222,0.052843,40.412,5.3539,38,35,0.00060976,0,0.43478,0.013216,1,2,4,2,2,1,0,0,-1,0,-0.0012484
2,0,0,0,0.33347,1,0.51512,0.26476,0.21277,0.23404,0.17021,0,0.17021,0,0,0.21277,0,0.17778,0,0,0,0,0.088889,0.42222,0.31111,0.18103,0.36379,0.034295,35.357,5.1113,32,28,0.00045196,0,0.48428,0.026786,1,2,2,2,2,1,0,0,-1,0,-0.0037453
2,0,0,0,0.29896,1,0.60249,0.15511,0.21053,0.26316,0.21053,0,0.10526,0,0,0.21053,0,0.055556,0,0,0,0.13889,0,0.44444,0.36111,0.10442,0.21391,0.01035,93.294,11.148,25,16,0.00023944,0,0.59524,0.060606,1,3,3,2,3,1,0,0,-1,0,-0.0024969
2,0,0,0,0.3915,1,0.52096,0.1236,0.15,0.225,0.2,0,0.15,0,0,0.275,0,0,0,0,0,0.026316,0.052632,0.39474,0.52632,0.089798,0.18199,0.021732,46.784,4.107,32,8,8.8599e-05,0,0.42222,0.064815,1,2,2,2,2,1,0,0,-1,0,-0.0024969
2,1,0,0,0.46155,1,0.51078,0.1374,0.15625,0.25,0.15625,0,0.15625,0,0,0.28125,0,0,0,0,0,0.033333,0.13333,0.3,0.53333,0.10313,0.20801,0.017244,40.412,5.5492,23,7,0.00010837,0,0.5625,0.070175,1,2,2,2,2,1,0,0,0,0,0
U
1,3,0.20605,0.026537,0.42755,1,1.0177,0.14203,0.1194,0,0.23881,0.14925,0,0.1194,0.14925,0.089552,0.13433,0.10606,0,0,0,0.45455,0.090909,0.075758,0.27273,0.14251,0.7253,0.16037,87.012,12.229,30,33,0.041535,0.059289,1,0.082734,0,2,4,1,1,0,-1,0,1,0,0.0024969
1,2,0.026224,0.0037453,0.33909,1,0.83967,0.090943,0.12088,0,0.1978,0.12088,0,0.13187,0.13187,0.12088,0.17582,0.14444,0,0,0,0.5,0.022222,0.13333,0.2,0.091046,0.657,0.17104,90,10.108,42,56,0.027623,0.13408,1,0.016129,0,2,4,1,1,0,-1,0,1,0,0.0024969
1,0,0,0,0.44844,1,0.87354,0.077241,0.1,0,0.16667,0.16667,0,0.083333,0.2,0.11667,0.16667,0,0,0.016949,0,0.33898,0.084746,0.13559,0.42373,0.07668,0.3431,0.080281,90,14.35,29,40,0.0099311,0,0.99206,0.13636,0,1,3,2,1,0,-1,-1,0,-0.00058651,0
1,1,0.0037453,0.0037453,0.51454,1,0.82425,0.065285,0.053571,0,0.16071,0.14286,0,0.089286,0.26786,0.10714,0.17857,0.072727,0,0,0,0.38182,0.054545,0.2,0.29091,0.065962,0.28484,0.075379,70.59,13.818,26,34,0.0072369,0.043478,1,0.10476,0,2,4,1,1,-1,-1,0,1,0,0.0037453
1,0,0,0,0.50955,1,0.79531,0.083435,0.12245,0,0.16327,0.12245,0,0.10204,0.20408,0.12245,0.16327,0,0,0,0.041667,0.375,0.041667,0.14583,0.39583,0.08378,0.34017,0.078377,76.781,11.463,14,29,0.010772,0,0.97163,0.14615,0,1,3,2,1,0,-1,0,1,0,0.0012484
1,0,0,0,0.33955,1,0.75149,0.039789,0.18605,0,0.16279,0.11628,0,0.11628,0.2093,0.16279,0.046512,0.071429,0,0.02381,0,0.35714,0.047619,0.14286,0.35714,0.040004,0.26165,0.064548,90,14.536,16,28,0.0044688,0.082192,1,0.059406,0,2,4,1,1,0,-1,0,1,0,0.0012484
V
1,0,0,0,0.54052,1,0.6129,0.12561,0.11628,0,0.27907,0.16279,0.023256,0.069767,0.25581,0.093023,0,0,0,0,0,0.45238,0.047619,0.071429,0.42857,0.12561,0.48346,0.12275,81.978,15.837,16,26,0.016399,0,1,0,0.021505,1,3,1,1,0,-1,0,0,0,0
1,2,0.20042,0.066481,0.54135,1,0.62083,0.10184,0.15094,0,0.24528,0.11321,0.056604,0.075472,0.22642,0.13208,0,0,0,0,0,0.44231,0,0.17308,0.38462,0.10243,0.39105,0.094997,90,30.943,18,28,0.010316,0,1,0.046358,0,1,3,1,1,0,-1,1,0,0.00058651,0
1,2,0.16991,0.14525,0.49634,1,0.65391,0.10971,0.13208,0,0.20755,0.20755,0.018868,0.075472,0.09434,0.26415,0,0,0,0,0,0.48077,0,0.096154,0.42308,0.10971,0.45818,0.12251,90,18.906,16,27,0.014239,0,1,0.011299,0,1,3,1,1,0,0,0,0,0,0
1,0,0,0,0.58881,1,0.58741,0.10935,0.17308,0,0.28846,0.076923,0.019231,0.096154,0.038462,0.30769,0,0,0,0,0,0.47059,0.019608,0.13725,0.37255,0.11072,0.38631,0.095128,90,25.277,19,28,0.010559,0,1,0.053333,0,1,3,1,1,1,0,1,1,0.001173,0.0024969
1,1,0.20436,0.20436,0.38159,1,0.76709,0.12507,0.10169,0,0.22034,0.13559,0,0.15254,0,0.32203,0.067797,0,0,0,0,0.53448,0,0.086207,0.37931,0.12552,0.58237,0.1386,79.758,16.95,24,36,0.01895,0,1,0.15102,0,1,3,1,1,1,-1,0,1,0,0.0012484
1,1,0.22098,0.22098,0.31593,1,0.63721,0.09371,0.14706,0,0.22059,0.14706,0,0.13235,0.10294,0.23529,0.014706,0,0,0,0,0.44776,0,0.074627,0.47761,0.094051,0.55818,0.11958,86.639,13.962,34,41,0.014636,0,1,0.091703,0,1,3,1,1,0,-1,0,1,0,0.0012484
W
1,1,0.30529,0.30529,0.91456,1,0.85486,0.27862,0.09,0.21,0.12,0.16,0.06,0.05,0.13,0.09,0.09,0,0,0,0,0.46465,0,0.080808,0.45455,0.2786,1.1948,0.13827,166.78,17.872,47,54,0.076167,0,1,0.053279,0.045082,1,3,1,3,1,-1,0,-1,0,-0.0012484
1,3,0.11781,0.0012484,0.76206,1,0.67112,0.20647,0.061224,0.19388,0.12245,0.05102,0.15306,0.05102,0.17347,0.05102,0.14286,0,0,0,0,0.47423,0,0.092784,0.43299,0.20649,1.099,0.15481,90,19.868,36,56,0.055794,0,1,0.0092166,0.023041,1,3,1,3,0,-1,0,-1,0,-0.0012484
1,1,0.083936,0.083936,0.75049,1,0.67355,0.15331,0.040541,0.18919,0.2027,0.067568,0.094595,0.067568,0.18919,0,0.14865,0,0,0,0,0.49315,0,0.082192,0.42466,0.15392,0.74915,0.085063,162.61,22.236,26,42,0.027346,0,1,0.19497,0,1,3,1,2,1,-1,0,1,0,0.0024969
1,4,0.19081,0.0057912,0.82214,1,0.57698,0.13511,0.054348,0.15217,0.1413,0.11957,0.086957,0.086957,0.19565,0.043478,0.11957,0,0,0,0,0.52747,0.010989,0.065934,0.3956,0.13569,0.64459,0.094468,180,24.204,25,49,0.02098,0,1,0.045455,0,1,3,1,2,1,-1,1,0,0.00058651,0
1,1,0.088501,0.088501,0.89046,1,0.57025,0.17316,0.080808,0.15152,0.13131,0.11111,0.10101,0.050505,0.20202,0.040404,0.13131,0,0,0,0,0.44898,0,0.12245,0.42857,0.17364,0.74766,0.081427,90,24.369,31,55,0.030945,0,1,0.18301,0,1,3,1,2,0,-1,0,1,0,0.0024969
1,1,0.11879,0.11879,0.84416,1,0.5401,0.13527,0.083333,0.19792,0.125,0.083333,0.09375,0.041667,0.15625,0.041667,0.17708,0,0,0,0,0.43158,0,0.10526,0.46316,0.13547,0.62191,0.068962,90,20.708,34,60,0.020415,0,1,0.078125,0,1,3,1,2,0,-1,0,1,0,0.0024969
X
2,0,0,0,0.36086,1,0.56616,0.1659,0.18182,0,0.15909,0.045455,0.20455,0,0.22727,0.11364,0.068182,0.42857,0,0.047619,0,0,0,0.047619,0.47619,0.16745,0.33884,0.045887,72.61,16.896,12,26,0.00071685,0,0.09434,0,1,2,2,2,2,1,-1,0,-1,0,-0.0024969
2,1,0.053409,0.053409,0.29296,1,0.62303,0.20621,0.13725,0,0.13725,0,0.29412,0,0.17647,0.058824,0.19608,0.44898,0,0.040816,0,0.020408,0,0,0.4898,0.22072,0.44899,0.0497,77.946,15.465,19,29,0.00087977,0,0.13514,0.011236,0.9382,2,4,2,2,0,-1,-1,0,-0.00058651,0
2,0,0,0,0.28725,1,0.61804,0.2163,0.11364,0.045455,0.13636,0,0.25,0.045455,0.22727,0,0.18182,0.5,0,0,0,0,0,0,0.5,0.21728,0.43607,0.05193,25.164,6.7557,17,26,0.00080032,0.18692,0,0,1,2,2,2,2,1,-1,0,-1,0,-0.0024969
2,0,0,0,0.24074,1,0.60585,0.19982,0.081633,0,0.18367,0.020408,0.32653,0,0.18367,0.020408,0.18367,0.44681,0,0,0,0,0,0.06383,0.48936,0.23311,0.46943,0.046699,81.1,10.602,21,28,0.00081075,0.087379,0,0.1791,0.9801,2,2,2,2,1,-1,0,-1,0,-0.0012484
2,1,0,0,0.3915,1,0.58718,0.19504,0.095238,0.047619,0.19048,0,0.2619,0.02381,0.2381,0,0.14286,0.45,0.025,0.05,0,0.025,0,0,0.45,0.19954,0.40204,0.045498,67.335,11.543,21,22,0.00068005,0.13846,0,0,1,2,2,2,2,1,-1,0,0,0,0
2,1,0.014333,0.014333,0.39007,1,0.54852,0.20374,0.16667,0.020833,0.14583,0,0.27083,0,0.1875,0.020833,0.1875,0.41304,0,0,0,0.021739,0,0.086957,0.47826,0.20826,0.42118,0.045824,64.836,13.534,15,25,0.0010771,0,0.12409,0,1,2,2,2,2,1,0,0,-1,0,-0.0024969
Y
3,3,0.27716,0.22722,0.28335,1,0.51886,0.27967,0.16667,0.041667,0.16667,0,0.40278,0,0,0.22222,0,0.31884,0,0.028986,0,0.057971,0,0.028986,0.56522,0.23731,0.72478,0.054611,180,7.661,51,24,0.00081216,0,0.51948,0,1,4,5,4,3,1,-1,1,-1,0.001173,-0.0024969
3,1,0.0062422,0.0062422,0.26915,1,0.52006,0.25344,0.21053,0.2807,0.12281,0,0.14035,0,0,0.24561,0,0.31481,0,0.018519,0,0.018519,0,0,0.64815,0.1683,0.50775,0.039853,54.828,6.2874,38,29,0.00030595,0,0.35152,0,1,4,3,3,3,0,-1,0,-1,0,-0.0037453
3,0,0,0,0.25283,1,0.55237,0.22758,0.16667,0.25926,0.11111,0,0.24074,0,0,0.22222,0,0.21569,0,0.019608,0,0,0,0.058824,0.70588,0.1508,0.45773,0.016422,87.554,9.7995,48,27,0.00053879,0,0.5473,0.054545,1,3,3,3,3,1,-1,0,-1,0,-0.0024969
3,0,0,0,0.27786,1,0.48319,0.23233,0.19149,0.25532,0.10638,0,0.17021,0,0,0.2766,0,0.18182,0,0.045455,0,0,0,0.022727,0.75,0.13804,0.41713,0.02404,70.59,6.6797,39,30,0.00035732,0,0.51974,0.0038911,1,3,3,3,3,1,-1,0,-1,0,-0.0037453
3,0,0,0,0.29232,1,0.77911,0.11737,0.15,0.275,0.2,0,0.125,0,0,0.25,0,0.24324,0,0.027027,0,0,0,0.054054,0.67568,0.076184,0.23143,0.017587,72.61,12.389,17,20,0.00012253,0,0.53571,0.022222,1,3,3,3,3,1,-1,0,-1,0,-0.0012484
3,1,0.0024969,0.0024969,0.37998,1,0.67008,0.088657,0.18367,0.061224,0.14286,0,0.32653,0,0,0.28571,0,0.26087,0,0.021739,0,0.021739,0,0.043478,0.65217,0.080639,0.24721,0.02353,83.301,7.4907,27,29,0.00017378,0,0.43636,0.066176,1,3,3,3,3,1,0,0,-1,0,-0.0024969
Z
2,2,0.15935,0.12318,0.52821,1,0.64301,0.055893,0.090909,0.060606,0.17172,0,0.17172,0.080808,0.19192,0.090909,0.14141,0.20619,0,0.051546,0,0,0.10309,0.52577,0.1134,0.16033,0.59646,0.068577,180,13.51,92,62,0.014706,0.032258,0.72811,0.036269,0.64767,3,4,3,4,1,0,0,-1,0,-0.0024969
2,3,0.10651,0.030212,0.46772,1,0.58824,0.067583,0.090909,0.022727,0.21591,0,0.20455,0.045455,0.19318,0.079545,0.14773,0.26744,0.011628,0.034884,0,0.046512,0.093023,0.36047,0.18605,0.18149,0.66086,0.080146,103.22,12.991,78,48,0.017555,0.04,0.69778,0.0044248,0.5885,3,4,4,5,1,1,0,-1,0,-0.0024969
2,3,0.11112,0.020112,0.36689,1,0.6763,0.068559,0.1194,0.059701,0.14925,0.059701,0.1194,0.014925,0.22388,0.044776,0.20896,0.21538,0.015385,0.046154,0,0.046154,0.046154,0.44615,0.18462,0.099868,0.30624,0.031214,180,13.972,57,35,0.0029465,0.02439,0.95122,0.085714,0.84762,3,2,4,3,1,0,0,-1,0,-0.0037453
2,1,0.098968,0.098968,0.43032,1,0.66854,0.066877,0.090909,0.075758,0.16667,0.045455,0.12121,0.13636,0.19697,0.030303,0.13636,0.21875,0,0.015625,0,0,0.078125,0.46875,0.21875,0.11098,0.35327,0.039299,180,16.641,44,36,0.0047073,0.06422,0.81651,0,0.68067,3,5,3,3,1,-1,1,0,0.001173,0
2,1,0.095923,0.095923,0.59377,1,0.58907,0.065096,0.10976,0.15854,0.085366,0.036585,0.15854,0.04878,0.23171,0.073171,0.097561,0.2375,0,0.025,0,0.0375,0.1,0.4875,0.1125,0.12703,0.45716,0.042633,133.22,15.077,67,47,0.0074324,0.087912,0.71978,0.10417,0.68056,3,3,3,4,0,1,0,-1,0,-0.0024969
2,3,0.1171,0.0027587,0.44966,1,0.68469,0.072468,0.059701,0.044776,0.22388,0.044776,0.13433,0.13433,0.1791,0.059701,0.1194,0.23077,0,0.076923,0,0,0.13846,0.41538,0.13846,0.12115,0.42827,0.04066,180,18.458,54,43,0.006244,0.10448,0.80597,0.092857,0.66429,4,5,4,3,1,-1,0,-1,0,-0.0024969


