da7 = [1,1,0.33689,0.33689,0.47309,1,0.52831,0.51852,0.1573,0.067416,0.29213,0,0.044944,0.13483,0,0.30337,0,0.44318,0.011364,0.045455,0,0.022727,0.034091,0.29545,0.14773,0.51834,0.78796,0.23323,78.445,16.845,34,54,0.067999,0,0.38235,0.0055556,1,1,2,2,2,1,0,-1,0,-0.0010194,0
1,0,0,0,0.32934,1,0.49866,0.47305,0.13636,0.045455,0.39394,0,0.060606,0.12121,0.10606,0.13636,0,0.53846,0,0.015385,0,0,0.015385,0.27692,0.15385,0.5015,0.68193,0.18364,90,9.5542,34,30,0.045729,0,0.23457,0.0028409,1,1,1,2,2,1,0,0,-1,0,-0.002849
1,1,0.33967,0.33967,0.24126,1,0.49596,0.48581,0.11864,0.050847,0.35593,0,0.067797,0.11864,0.16949,0.11864,0,0.46552,0,0.051724,0,0.017241,0,0.27586,0.18966,0.49888,0.60903,0.12225,90,16.256,28,27,0.034242,0.14407,0,0,1,1,1,2,1,1,0,-1,-1,-0.0020387,-0.002849
1,3,0.27549,0.022871,0.36871,1,0.45701,0.4462,0.079365,0.031746,0.36508,0,0,0.22222,0,0.30159,0,0.5,0.016129,0.016129,0,0.064516,0.080645,0.1129,0.20968,0.4567,0.65958,0.19382,90,13.366,24,29,0.045175,0,0.39645,0.033537,1,1,1,2,2,1,1,-1,0,-0.0020387,0
1,3,0.3011,0.16271,0.36969,1,0.50535,0.47318,0.17391,0.10145,0.33333,0,0.086957,0.072464,0.057971,0.17391,0,0.44118,0,0.029412,0,0.044118,0.029412,0.33824,0.11765,0.4746,0.65818,0.18036,90,13.868,26,42,0.042236,0,0.30994,0,1,1,2,2,2,1,-1,0,-1,0,-0.0014245
1,0,0,0,0.35002,1,0.52116,0.44366,0.14815,0.098765,0.34568,0,0.012346,0.14815,0,0.24691,0,0.3875,0,0.0625,0,0,0.1,0.3,0.15,0.52256,0.72927,0.19654,90,20.535,34,48,0.051172,0,0.46111,0.016304,1,1,2,2,2,1,-1,0,-1,0,-0.0014245
1,1,0.22146,0.22146,0.33011,1,0.47794,0.41239,0.12791,0.10465,0.30233,0,0.12791,0.069767,0.19767,0.069767,0,0.48235,0,0.011765,0,0.023529,0.011765,0.37647,0.094118,0.47789,0.65229,0.15866,54.413,10.61,35,47,0.04013,0,0.16129,0.0029762,1,1,1,2,2,1,0,-1,0,-0.0010194,0
1,1,0.2973,0.2973,0.34356,1,0.52999,0.36841,0.13253,0.072289,0.3012,0,0.14458,0.060241,0.24096,0.048193,0,0.47561,0.012195,0.085366,0,0.02439,0.012195,0.30488,0.085366,0.53429,0.74064,0.17287,82.587,21.772,35,41,0.054136,0.055249,0,0.005305,1,1,1,2,2,1,0,-1,-1,-0.0010194,-0.0042735
1,2,0.45743,0.23684,0.36598,1,0.51641,0.46173,0.11475,0.032787,0.36066,0,0,0.19672,0,0,0.29508,0.16667,0.016667,0.016667,0,0.033333,0.05,0.21667,0.5,0.51776,0.68249,0.02294,90,10.265,33,33,0.047514,0,0.9162,0.017143,1,1,1,2,2,1,1,0,-1,0,-0.0014245
1,2,0.47865,0,0.51447,1,0.56461,0.51787,0.10843,0.072289,0.42169,0,0,0.18072,0,0,0.21687,0.14634,0,0.012195,0,0.02439,0.073171,0.26829,0.47561,0.51787,0.72113,0.039478,90,10.885,37,55,0.061369,0,0.91358,0.032544,1,2,1,2,2,1,0,0,0,0,0
1,2,0.25544,0.23968,0.39755,1,0.54704,0.53504,0.15663,0.048193,0.3494,0,0,0.18072,0,0,0.26506,0.12195,0,0,0,0.060976,0.12195,0.13415,0.56098,0.53901,0.74766,0.043503,90,10.704,27,51,0.059766,0,0.92381,0.068783,1,1,1,2,2,1,0,0,-1,0,-0.0042735
1,3,0.47315,0.0014245,0.2664,1,0.53208,0.49234,0.12676,0.028169,0.30986,0,0,0.1831,0,0,0.35211,0.14286,0,0,0,0.057143,0.042857,0.24286,0.51429,0.53346,0.66563,0.0066271,42.973,4.4428,39,37,0.038586,0,0.89781,0.01087,1,1,2,2,2,1,-1,0,-1,0,-0.0014245
1,1,0.42382,0.42382,0.30694,1,0.56838,0.53227,0.17526,0.061856,0.28866,0,0,0.16495,0,0.15464,0.15464,0.39583,0,0.041667,0,0.010417,0.052083,0.29167,0.20833,0.56978,0.74773,0.086704,90,15.505,42,64,0.05131,0,0.61538,0.0025381,1,1,3,2,3,1,0,0,-1,0,-0.0014245
1,0,0,0,0.27962,1,0.562,0.43494,0.17647,0.094118,0.24706,0,0,0.16471,0,0,0.31765,0.25,0,0.011905,0,0,0.011905,0.38095,0.34524,0.5634,0.7124,0.0070658,90,6.2811,56,33,0.045741,0,0.75,0.0051414,1,1,1,2,2,1,1,0,-1,0,-0.0014245
1,2,0.53283,0.44629,0.3297,1,0.56145,0.44524,0.1573,0.05618,0.33708,0,0,0.19101,0,0,0.25843,0.14773,0,0.022727,0,0.022727,0.022727,0.26136,0.52273,0.56282,0.71818,0.019829,90,10.659,49,47,0.050558,0,0.88636,0.0078534,1,1,1,2,2,1,0,0,-1,0,-0.0014245
1,2,0.51185,0,0.32617,1,0.52998,0.48729,0.13793,0.068966,0.36782,0,0,0.18391,0,0,0.24138,0.34884,0,0.023256,0,0.034884,0,0.33721,0.25581,0.52998,0.69071,0.038713,90,10.601,43,45,0.046476,0,0.72727,0,1,1,2,2,2,1,0,0,0,0,0
1,1,0.48157,0.48157,0.38726,1,0.5137,0.43187,0.11429,0.042857,0.35714,0,0,0.18571,0,0,0.3,0.072464,0,0.014493,0,0.028986,0.014493,0.30435,0.56522,0.51333,0.66645,0.052405,90,9.5693,37,40,0.044679,0,0.98913,0.011765,1,2,1,3,2,1,0,-1,0,-0.0010194,0
1,1,0.002849,0.002849,0.32507,1,0.47144,0.43304,0.11321,0.075472,0.26415,0,0,0.18868,0,0,0.35849,0.36538,0,0,0,0.019231,0.076923,0.23077,0.30769,0.4742,0.62154,0.01095,90,7.8945,22,29,0.037158,0,0.79195,0.018293,1,1,1,2,2,1,0,0,-1,0,-0.002849
1,1,0.25502,0.25502,0.24541,1,0.45551,0.45071,0.10169,0.084746,0.30508,0,0,0.22034,0,0,0.28814,0.034483,0,0,0,0.017241,0.18966,0.068966,0.68966,0.45827,0.6203,0.043893,90,7.7736,29,26,0.030587,0,0.96639,0.10375,1,1,1,2,2,1,0,0,-1,0,-0.002849
1,1,0.53911,0.53911,0.35592,1,0.52386,0.50447,0.10959,0.082192,0.31507,0,0,0.19178,0,0,0.30137,0.26389,0,0.013889,0,0.013889,0.18056,0.15278,0.375,0.5229,0.74495,0.032287,38.609,9.0079,33,36,0.057502,0,0.84127,0.081579,1,2,1,3,2,1,1,-1,0,-0.0030581,0
1,0,0,0,0.31546,1,0.49134,0.44811,0.14286,0.061224,0.32653,0,0,0.20408,0,0,0.26531,0.45833,0,0.020833,0,0.020833,0.25,0.0625,0.1875,0.44785,0.64845,0.033264,90,10.885,19,27,0.037434,0,0.75168,0.10059,1,1,1,2,2,1,0,-1,0,-0.0010194,0
1,0,0,0,0.34349,1,0.4638,0.45603,0.094595,0.081081,0.35135,0,0,0.17568,0,0,0.2973,0.31507,0,0,0,0.027397,0.068493,0.24658,0.34247,0.45713,0.6293,0.008334,33.11,7.0088,36,40,0.042506,0,0.77564,0.049231,1,1,1,2,2,1,0,-1,-1,-0.0010194,-0.0014245
1,0,0,0,0.32597,1,0.57654,0.5224,0.11538,0.12821,0.30769,0,0,0.19231,0,0,0.25641,0.14286,0,0.012987,0,0.025974,0.11688,0.19481,0.50649,0.52376,0.6927,0.054357,90,9.808,36,56,0.04803,0,0.90533,0.053908,1,1,1,2,2,1,1,0,-1,0,-0.0014245
1,0,0,0,0.37401,1,0.44089,0.40344,0.073529,0.088235,0.39706,0,0,0.19118,0,0.20588,0.044118,0.46269,0.029851,0,0,0.014925,0.029851,0.29851,0.16418,0.40449,0.57464,0.17003,34.943,9.7057,32,29,0.035055,0,0.44,0.02439,1,1,1,2,2,1,0,-1,-1,-0.0020387,-0.0014245
1,1,0.41133,0.41133,0.29232,1,0.43358,0.35821,0.097222,0.083333,0.40278,0,0.083333,0.083333,0.13889,0.11111,0,0.46479,0,0.028169,0,0.028169,0,0.3662,0.11268,0.43637,0.57515,0.13632,76.584,11.754,36,34,0.031805,0,0.16,0,1,1,1,2,1,1,0,-1,-1,-0.0010194,-0.002849
1,0,0,0,0.34299,1,0.39774,0.38655,0.070423,0.11268,0.33803,0,0,0.16901,0,0.26761,0.042254,0.42857,0,0.028571,0,0,0.071429,0.27143,0.2,0.39914,0.57426,0.16251,90,13.443,29,40,0.034174,0,0.42446,0.044828,1,1,1,2,2,1,1,0,-1,0,-0.0014245
1,2,0.064516,0.011577,0.34554,1,0.45986,0.42223,0.14493,0.086957,0.33333,0,0,0.14493,0,0.086957,0.2029,0.33824,0,0.029412,0,0.029412,0,0.42647,0.17647,0.4264,0.56692,0.058931,90,10.39,40,23,0.033615,0,0.65248,0,1,1,1,2,1,1,0,0,-1,0,-0.0042735
1,0,0,0,0.36927,1,0.43935,0.40066,0.12308,0.076923,0.32308,0,0,0.18462,0,0.16923,0.12308,0.375,0.015625,0.046875,0,0.03125,0.0625,0.26563,0.20313,0.44074,0.62019,0.10708,86.849,19.132,25,44,0.043265,0,0.58385,0.032051,1,1,1,2,2,1,1,0,-1,0,-0.0014245
1,1,0.4407,0.4407,0.33263,1,0.55858,0.39717,0.13889,0.069444,0.33333,0,0,0.16667,0,0.26389,0.027778,0.49296,0.014085,0.014085,0,0.014085,0.070423,0.25352,0.14085,0.5614,0.77529,0.23416,90,11.106,30,34,0.064127,0,0.37297,0.017588,1,1,1,2,2,1,1,0,-1,0,-0.002849
1,1,0.31562,0.31562,0.3698,1,0.59275,0.49981,0.10227,0.090909,0.32955,0,0.056818,0.14773,0.090909,0.18182,0,0.44828,0,0.011494,0,0.022989,0.21839,0.10345,0.1954,0.59251,0.90621,0.22895,35.587,12.32,27,50,0.078854,0,0.2987,0.076063,1,1,1,2,2,1,1,-1,0,-0.0020387,0
1,3,0.38057,0.014817,0.42936,1,0.59973,0.59874,0.15306,0.10204,0.31633,0,0,0.14286,0,0.21429,0.071429,0.40206,0.010309,0.030928,0,0.041237,0.15464,0.23711,0.12371,0.5996,0.89794,0.15413,90,14.037,36,50,0.084278,0,0.5814,0.053488,1,1,1,2,2,1,0,-1,-1,-0.0020387,-0.0014245
1,0,0,0,0.34204,1,0.62131,0.60848,0.1087,0.054348,0.33696,0,0,0.17391,0,0.054348,0.27174,0.47253,0,0.032967,0,0,0.16484,0.15385,0.17582,0.6227,0.88822,0.15658,90,14.212,40,51,0.079176,0,0.63134,0.061674,1,1,1,2,2,1,1,0,-1,0,-0.0014245
1,1,0.28282,0.28282,0.29191,1,0.69102,0.51201,0.12281,0.087719,0.30702,0,0,0.18421,0,0.24561,0.052632,0.53982,0.0088496,0,0,0.0088496,0.12389,0.22124,0.097345,0.69496,0.94882,0.26698,90,9.5649,44,63,0.084213,0,0.46602,0.043564,1,1,1,2,2,1,0,-1,-1,-0.0020387,-0.0042735
1,1,0.4629,0.4629,0.30609,1,0.70391,0.43763,0.12941,0.082353,0.36471,0,0,0.16471,0,0.2,0.058824,0.44048,0,0.02381,0,0.035714,0.15476,0.17857,0.16667,0.70531,0.99048,0.24139,90,15.552,39,47,0.090708,0,0.52703,0.05973,1,1,1,2,2,1,0,0,-1,0,-0.0014245
1,2,0.69286,0.33993,0.29903,1,0.66777,0.5027,0.10112,0.078652,0.37079,0,0.011236,0.1573,0,0.2809,0,0.40909,0.022727,0.011364,0,0.045455,0.079545,0.19318,0.23864,0.66919,0.91361,0.24494,84.3,15.353,35,47,0.077818,0,0.41294,0.031185,1,1,2,2,2,1,0,0,-1,0,-0.0014245
1,3,0.7815,0.18128,0.32835,1,0.81458,0.3486,0.15,0.091667,0.35833,0,0.066667,0.075,0.13333,0.125,0,0.39496,0,0.05042,0,0.02521,0,0.37815,0.15126,0.816,1.0894,0.29521,90,18.41,46,62,0.11198,0,0.24427,0,1,1,1,2,1,1,-1,0,-1,0,-0.0014245
1,3,0.66497,0.37302,0.29753,1,0.65096,0.43168,0.11628,0.05814,0.4186,0,0,0.18605,0,0.2093,0.011628,0.37647,0,0.023529,0,0.035294,0.082353,0.24706,0.23529,0.65237,0.87965,0.23614,83.199,13.512,30,45,0.074154,0,0.43077,0.031983,1,1,1,2,2,1,1,0,-1,0,-0.0014245
1,2,0.48262,0,0.32166,1,0.72507,0.36102,0.13725,0.088235,0.34314,0,0.029412,0.13725,0,0.26471,0,0.45545,0,0.029703,0,0.019802,0.009901,0.34653,0.13861,0.72507,0.96365,0.28829,90,12.705,47,52,0.088657,0,0.39207,0,1,1,2,2,2,1,0,0,0,0,0
1,1,0.69047,0.69047,0.42815,1,0.67814,0.42414,0.12245,0.091837,0.35714,0,0,0.15306,0,0.26531,0.010204,0.46392,0,0.072165,0,0,0.041237,0.30928,0.1134,0.67793,0.98845,0.27074,180,16.676,44,53,0.10189,0,0.47703,0.014799,1,1,1,2,2,1,0,-1,0,-0.0010194,0
1,2,0.47288,0.20348,0.28185,1,0.65157,0.32674,0.13684,0.084211,0.32632,0,0.073684,0.073684,0.11579,0.18947,0,0.46809,0,0.053191,0,0.021277,0.031915,0.35106,0.074468,0.65149,0.85739,0.21545,90,14.095,41,52,0.064492,0,0.27222,0.0021882,1,1,2,2,2,1,0,-1,0,-0.0010194,0]
