da3 = [1,2,0.32977,0.21705,0.52432,1,0.44302,0.44168,0.10435,0.086957,0.10435,0.052174,0.16522,0.14783,0.13913,0.06087,0.13913,0.13158,0.11404,0.16667,0.052632,0.052632,0.04386,0.29825,0.14035,0.4416,1.3429,0.22264,180,15.685,34,70,0.17899,0.0065147,0,0.12172,0.86158,2,2,3,2,1,1,-1,1,-0.0010194,0.0014245
1,2,0.22553,0.16538,0.44395,1,0.41398,0.36413,0.045977,0.08046,0.16092,0,0.13793,0.12644,0.18391,0.057471,0.2069,0.13953,0.11628,0.16279,0.081395,0.093023,0.034884,0.2093,0.16279,0.36413,1.0283,0.25194,180,25.31,12,56,0.10282,0.23288,0,0.090652,0.80737,2,2,3,2,1,1,0,0,0,0
1,2,0.21164,0.1373,0.53064,1,0.39717,0.32143,0.041237,0.092784,0.13402,0.051546,0.18557,0.1134,0.13402,0.092784,0.15464,0.14583,0.125,0.16667,0.0625,0.052083,0.041667,0.21875,0.1875,0.32002,1.0185,0.21069,125.59,19.214,14,58,0.10084,0.15768,0,0.10769,0.79385,2,3,3,3,1,1,0,1,0,0.0014245
1,3,0.3306,0.15359,0.52284,1,0.43821,0.27031,0.040816,0.081633,0.20408,0,0.19388,0.17347,0.12245,0.030612,0.15306,0.12371,0.1134,0.15464,0.041237,0.072165,0.041237,0.28866,0.16495,0.26892,0.95213,0.15691,180,19.059,22,57,0.077479,0.27189,0,0.14478,0.76431,2,2,3,2,1,1,0,1,0,0.0014245
1,2,0.40138,0.20085,0.47778,1,0.34943,0.32344,0.096491,0.061404,0.14035,0.052632,0.15789,0.14035,0.14035,0.070175,0.14035,0.097345,0.11504,0.23894,0.035398,0.070796,0.044248,0.25664,0.14159,0.32202,1.1214,0.15412,180,22.192,20,70,0.10087,0.03139,0,0.1976,0.87425,2,3,3,3,1,1,0,1,0,0.0014245
1,2,0.3061,0.17634,0.45355,1,0.36532,0.2914,0,0.1134,0.23711,0,0.092784,0.21649,0.14433,0.041237,0.15464,0.11458,0.09375,0.15625,0.0625,0.083333,0.041667,0.21875,0.22917,0.29167,0.8232,0.14394,180,22.072,13,58,0.061774,0.43333,0,0.11972,0.81338,2,2,3,2,1,1,-1,0,-0.0010194,0
1,1,0.19133,0.19133,0.62126,1,0.38567,0.3701,0.045045,0.081081,0.15315,0.072072,0.13514,0.17117,0.14414,0.072072,0.12613,0.090909,0.15455,0.21818,0.0090909,0.0090909,0.036364,0.29091,0.19091,0.38141,1.141,0.24498,137.03,19.43,29,72,0.12543,0.1037,0,0.03537,0.89389,2,3,3,3,1,0,0,1,0,0.0042735
1,2,0.45087,0.23523,0.5392,1,0.40382,0.32769,0.13675,0.068376,0.17949,0.11111,0.16239,0.12821,0.076923,0.025641,0.11111,0.14655,0.12931,0.12069,0,0.077586,0.12069,0.23276,0.17241,0.40239,1.2921,0.11165,125.59,21.114,27,74,0.13295,0.085502,0,0.12885,0.91877,2,3,3,3,0,1,0,1,0,0.0014245
1,1,0.26158,0.26158,0.42232,1,0.45446,0.32624,0.11404,0.035088,0.14912,0.10526,0.16667,0.19298,0.061404,0.035088,0.14035,0.15044,0.10619,0.11504,0.0088496,0.097345,0.097345,0.22124,0.20354,0.45311,1.4082,0.14186,90,17.515,21,71,0.1639,0.039683,0,0.21077,0.9555,3,3,3,3,-1,1,-1,1,-0.0040775,0.0014245
1,1,0.20558,0.20558,0.48144,1,0.37763,0.36824,0.15306,0.17347,0,0.14286,0.13265,0.10204,0.081633,0.081633,0.13265,0.17526,0.072165,0.16495,0,0.10309,0.082474,0.2268,0.17526,0.37756,0.96388,0.062757,90,18.454,26,58,0.089061,0,0.031818,0.15902,0.96942,2,3,3,3,0,1,-1,0,-0.0030581,0
1,0,0,0,0.56406,1,0.4649,0.28462,0.050633,0.037975,0.17722,0.037975,0.17722,0.21519,0.10127,0.050633,0.1519,0.16667,0.11538,0.19231,0,0.038462,0.076923,0.20513,0.20513,0.28604,0.90079,0.17631,90,22.478,19,51,0.076392,0.12438,0,0.12157,0.90588,2,3,3,4,1,1,0,-1,0,-0.0014245
1,1,0.1547,0.1547,0.51219,1,0.40955,0.29209,0.1383,0.10638,0.10638,0.06383,0.11702,0.15957,0.11702,0.042553,0.14894,0.12903,0.086022,0.16129,0.010753,0.096774,0.053763,0.22581,0.23656,0.29204,0.9966,0.081309,54.413,16.454,19,53,0.083065,0,0.014354,0.17808,0.88014,2,3,3,3,0,1,-1,0,-0.0030581,0
1,2,0.37197,0.23873,0.42601,1,0.37222,0.33653,0.12088,0.043956,0.17582,0.065934,0.10989,0.20879,0.087912,0.065934,0.12088,0.13333,0.1,0.2,0.011111,0.11111,0.033333,0.24444,0.16667,0.33352,0.90807,0.12008,180,25.173,14,59,0.07137,0,0.061798,0.15719,0.9398,2,3,3,3,0,1,-1,1,-0.0040775,0.002849
1,1,0.19809,0.19809,0.49558,1,0.37502,0.31584,0.088889,0.066667,0.2,0.033333,0.077778,0.22222,0.1,0.044444,0.16667,0.11236,0.078652,0.21348,0.011236,0.05618,0.022472,0.29213,0.21348,0.3737,1.0527,0.1869,180,23.368,27,59,0.1059,0.16592,0,0.11801,0.92857,2,2,3,2,1,1,-1,1,-0.0010194,0.0014245
1,0,0,0,0.39108,1,0.44747,0.42397,0.018519,0.064815,0.22222,0,0.22222,0.14815,0.11111,0.046296,0.16667,0.18692,0.084112,0.15888,0.0093458,0.028037,0.028037,0.24299,0.26168,0.44772,0.86685,0.22442,74.385,18.695,27,60,0.082546,0.28191,0,0.02907,0.93605,2,3,3,3,0,1,-1,0,-0.0020387,0
1,2,0.33585,0.20826,0.39558,1,0.40802,0.40504,0.0625,0.072917,0.15625,0.0625,0.17708,0.17708,0.09375,0.03125,0.16667,0.12632,0.10526,0.16842,0.010526,0.073684,0.042105,0.24211,0.23158,0.40827,0.89662,0.19385,180,21.599,23,68,0.083765,0.14607,0,0.07764,0.96584,2,3,3,3,1,1,-1,0,-0.0040775,0
1,2,0.38865,0.24557,0.37021,1,0.43733,0.34486,0.076923,0.14286,0.087912,0.054945,0.18681,0.18681,0.076923,0.043956,0.14286,0.17778,0.11111,0.12222,0.011111,0.044444,0.055556,0.21111,0.26667,0.43447,0.87852,0.1071,180,17.378,17,47,0.085678,0,0.0055866,0.095376,0.97688,2,2,3,2,1,1,-1,1,-0.0010194,0.002849
1,1,0.20455,0.20455,0.4259,1,0.39028,0.30218,0.009901,0.039604,0.18812,0,0.12871,0.24752,0.12871,0.069307,0.18812,0.15,0.06,0.24,0.04,0.02,0.02,0.22,0.25,0.38888,0.92197,0.21348,180,26.846,24,61,0.084414,0.32995,0,0.054381,0.86707,2,2,3,2,1,1,0,1,0,0.0014245
1,2,0.37534,0.1856,0.48476,1,0.39151,0.3505,0.10588,0.047059,0.16471,0.070588,0.11765,0.17647,0.10588,0.070588,0.14118,0.14286,0.11905,0.20238,0,0.083333,0.035714,0.22619,0.19048,0.34908,0.90428,0.16476,180,22.47,18,51,0.080598,0.037037,0,0.096774,0.97491,2,2,3,2,0,1,0,1,0,0.0014245
1,2,0.36937,0.18397,0.45819,1,0.37916,0.34623,0.05618,0.044944,0.19101,0.033708,0.10112,0.23596,0.11236,0.067416,0.1573,0.15909,0.079545,0.22727,0.011364,0.034091,0.034091,0.21591,0.23864,0.3434,0.85118,0.19228,180,19.645,21,63,0.074283,0.044944,0,0.11511,0.98201,2,3,3,3,1,1,-1,1,-0.0010194,0.002849
1,1,0.19278,0.19278,0.56173,1,0.41809,0.33971,0.086957,0.18478,0.043478,0.032609,0.15217,0.13043,0.1087,0.086957,0.17391,0.14286,0.10989,0.18681,0,0.043956,0.054945,0.25275,0.20879,0.33686,0.91233,0.12854,180,23.401,18,59,0.084333,0.091304,0,0.085324,0.89078,2,3,3,3,1,1,0,1,0,0.002849
1,3,0.4405,0.37963,0.44879,1,0.52742,0.43672,0.079365,0.21429,0,0.071429,0.18254,0.15079,0.079365,0.079365,0.14286,0.144,0.128,0.136,0,0.048,0.088,0.192,0.264,0.526,1.1237,0.13797,90,21.192,31,70,0.13719,0,0.074803,0.079012,0.99012,2,3,3,3,1,1,0,1,0,0.0014245
1,2,0.43867,0.22781,0.43461,1,0.38982,0.32211,0.10714,0.13393,0.098214,0,0.15179,0.26786,0.080357,0.053571,0.10714,0.10811,0.054054,0.16216,0,0.14414,0.063063,0.1982,0.27027,0.38841,1.0289,0.12365,180,17.087,32,69,0.094225,0.19535,0,0.19774,0.96328,2,3,3,3,1,1,0,1,0,0.0014245
1,1,0.42759,0.42759,0.35232,1,0.38658,0.29126,0.084746,0.10169,0.16949,0.10169,0.11017,0.13559,0.09322,0.050847,0.15254,0.094017,0.11111,0.15385,0.008547,0.12821,0.068376,0.20513,0.23077,0.38516,1.1423,0.16268,90,19.403,23,76,0.10366,0.10363,0,0.20153,0.89031,2,3,3,3,1,1,0,1,0,0.0014245
1,1,0.19802,0.19802,0.49197,1,0.40179,0.32541,0.060606,0.070707,0.17172,0.030303,0.14141,0.15152,0.13131,0.070707,0.17172,0.081633,0.14286,0.17347,0.010204,0.020408,0.020408,0.27551,0.27551,0.40181,0.89695,0.24902,180,22.187,25,62,0.085182,0.043062,0,0.029605,0.95724,2,2,3,2,1,1,-1,0,-0.0010194,0
1,3,0.40708,0.19618,0.55353,1,0.37551,0.32065,0.068182,0.056818,0.19318,0.022727,0.13636,0.23864,0.079545,0.068182,0.13636,0.13793,0.13793,0.17241,0,0.045977,0.045977,0.26437,0.1954,0.37267,0.95142,0.19227,180,18.271,21,56,0.098455,0.11261,0,0.055749,0.96516,2,3,3,3,1,1,0,1,0,0.002849
1,3,0.36415,0.1799,0.47706,1,0.4604,0.34595,0.063492,0.047619,0.13492,0.095238,0.11905,0.19841,0.11111,0.079365,0.15079,0.048,0.184,0.208,0.008,0.04,0.008,0.272,0.232,0.46048,1.1271,0.29962,80.964,16.669,32,68,0.1336,0.077586,0,0,0.92816,2,4,3,2,1,0,-1,0,-0.0020387,0
1,2,0.23335,0.20347,0.57248,1,0.37525,0.37182,0.092784,0.072165,0.092784,0.061856,0.18557,0.16495,0.10309,0.051546,0.17526,0.14583,0.13542,0.20833,0,0.03125,0.0625,0.21875,0.19792,0.37039,0.94962,0.14122,180,20.851,24,66,0.095662,0.017544,0,0.063158,0.97544,2,3,3,3,1,1,0,1,0,0.0014245
1,3,0.37954,0.19919,0.89107,1,0.31943,0.23383,0,0.074074,0.17284,0,0.1358,0.18519,0.12346,0.08642,0.22222,0.0875,0.1125,0.3,0,0.0375,0.0625,0.2125,0.1875,0.31813,1.1264,0.20184,164.39,18.501,21,44,0.10832,0.39077,0,0.088123,0.86973,2,3,3,3,1,1,0,1,0,0.0014245
1,3,0.3117,0.010827,0.77737,1,0.3173,0.31308,0.058824,0.082353,0.12941,0,0.14118,0.16471,0.094118,0.070588,0.25882,0.083333,0.14286,0.21429,0,0.071429,0.035714,0.2619,0.19048,0.3117,1.0439,0.18637,180,18.948,16,51,0.10999,0.26821,0,0.082734,0.84173,2,2,3,2,0,0,0,1,0,0.0014245
1,1,0.18466,0.18466,0.37455,1,0.46731,0.42359,0.029703,0.039604,0.15842,0,0.15842,0.23762,0.11881,0.069307,0.18812,0.15,0.11,0.16,0.01,0.04,0.05,0.2,0.28,0.46446,0.95346,0.31418,180,20.2,23,59,0.10736,0.042105,0,0.0055096,0.90358,2,3,3,3,1,1,0,1,0,0.002849
1,1,0.37024,0.37024,0.53938,1,0.37048,0.28972,0.058824,0.088235,0.12745,0,0.12745,0.17647,0.11765,0.078431,0.22549,0.09901,0.09901,0.21782,0.009901,0.059406,0.049505,0.23762,0.22772,0.36622,1.0531,0.20846,90,22.951,26,59,0.11202,0.13147,0,0.084084,0.85285,2,3,3,3,1,1,0,1,0,0.0042735
1,1,0.16579,0.16579,0.49152,1,0.36229,0.27796,0.068182,0.090909,0.14773,0,0.14773,0.21591,0.10227,0.056818,0.17045,0.12644,0.12644,0.13793,0.068966,0.011494,0.045977,0.22989,0.25287,0.35961,0.87621,0.19622,180,17.694,28,57,0.084104,0.2402,0,0.030303,0.87205,2,3,3,3,1,0,-1,1,-0.0010194,0.002849
1,2,0.20314,0.18209,0.49701,1,0.3396,0.32181,0.038462,0.051282,0.19231,0,0.11538,0.23077,0.11538,0.051282,0.20513,0.11688,0.14286,0.20779,0,0.025974,0.051948,0.18182,0.27273,0.33982,0.78942,0.20318,180,20.31,13,48,0.069501,0.19895,0,0.054545,0.91636,2,2,3,2,1,1,-1,0,-0.0020387,0
1,1,0.15674,0.15674,0.52494,1,0.31154,0.30425,0.08,0.09,0.1,0.03,0.17,0.13,0.16,0.05,0.19,0.11111,0.10101,0.20202,0.050505,0.050505,0.050505,0.16162,0.27273,0.30283,0.86309,0.16707,180,22.184,22,65,0.072316,0.10945,0,0.062044,0.83577,2,3,3,3,1,1,0,1,0,0.0014245
1,1,0.12517,0.12517,0.56027,1,0.30814,0.25519,0,0.09375,0.15625,0,0.15625,0.19792,0.17708,0.052083,0.16667,0.11579,0.13684,0.16842,0.063158,0.063158,0.063158,0.17895,0.21053,0.25109,0.83985,0.18565,180,20.264,20,65,0.066969,0.34653,0,0.062016,0.71705,2,2,3,2,0,1,0,1,0,0.0042735
1,1,0.17689,0.17689,0.51005,1,0.37657,0.3577,0.065217,0.11957,0.054348,0.076087,0.18478,0.1087,0.1413,0.065217,0.18478,0.12088,0.17582,0.18681,0.010989,0.021978,0.043956,0.25275,0.18681,0.3752,0.84913,0.21168,180,19.281,17,60,0.081497,0.099502,0,0.014184,0.94681,2,3,3,3,1,0,-1,1,-0.0010194,0.0014245
1,1,0.19637,0.19637,0.38435,1,0.39071,0.37736,0.046512,0.05814,0.15116,0.069767,0.13953,0.19767,0.081395,0.081395,0.17442,0.12941,0.14118,0.16471,0,0.011765,0,0.25882,0.29412,0.39081,0.69853,0.22411,180,19.796,18,56,0.059418,0.25,0,0.0070671,0.97173,2,2,3,2,0,1,-1,0,-0.0010194,0
1,2,0.3014,0.18338,0.47706,1,0.41041,0.26364,0.023529,0.094118,0.082353,0.082353,0.14118,0.16471,0.10588,0.058824,0.24706,0.095238,0.14286,0.2381,0,0.035714,0.011905,0.22619,0.25,0.409,0.89191,0.24969,180,20.572,14,53,0.091076,0.28641,0,0.0097087,0.9288,2,2,3,2,1,0,0,1,0,0.0014245
1,3,0.35792,0.20445,0.62214,1,0.33139,0.32014,0.097561,0.073171,0.14634,0,0.15854,0.19512,0.085366,0.073171,0.17073,0.12346,0.12346,0.18519,0.024691,0.049383,0.049383,0.22222,0.22222,0.31744,0.86452,0.13609,180,21.514,20,51,0.078238,0.17167,0,0.074627,0.89925,2,2,3,2,0,0,-1,1,-0.0010194,0.002849]
