2,1,0.090513,0.090513,1.9452,1,0.65657,0.15868,0,0,0.098592,0.14085,0.15493,0.33803,0,0,0.26761,0.086957,0.10145,0.10145,0,0.014493,0.072464,0.43478,0.18841,0.21194,0.49597,0.0036099,64.836,16.706,28,40,0.0040525,0,0.7717,0.5625,1,3,3,2,3,1,1,0,-1,0,-0.0012484
2,2,0.31866,0.024942,0.090577,1,0.76737,0.044271,0.096774,0.46774,0.14516,0,0.1129,0,0,0.080645,0.096774,0.016667,0,0.016667,0,0.23333,0,0.033333,0.7,0.24198,0.70333,0.013799,96.699,10.167,35,34,0.0019296,0.53333,1,0.095116,0.26992,3,3,3,2,0,-1,0,-1,0,-0.0012484
2,1,0.09914,0.09914,1.7428,1,0.50269,0.08344,0.09375,0,0.20313,0.32813,0.17188,0.0625,0.14063,0,0,0.17742,0,0.016129,0,0.016129,0.22581,0.41935,0.14516,0.19304,0.44323,0.0046245,104.9,17.922,25,36,0.0034047,0.15217,0.24783,0.46774,1,3,4,2,4,1,0,1,-1,0.0017595,-0.0024969
2,0,0,0,1.3452,1,0.72699,0.19856,0,0,0.13433,0.19403,0.16418,0.32836,0,0,0.1791,0.076923,0.076923,0.046154,0,0.015385,0.15385,0.4,0.23077,0.22225,0.5124,0.0060885,90,17.061,12,40,0.0057311,0,0.72017,0.59006,1,3,2,2,3,1,1,-1,-1,-0.00058651,-0.0024969
2,2,0.12451,0.030436,1.4587,1,0.50219,0.11718,0.10526,0,0.10526,0.31579,0.14035,0.14035,0.19298,0,0,0.2,0,0.018182,0,0.018182,0.2,0.45455,0.10909,0.22604,0.53029,0.0086146,180,18.955,19,33,0.0050648,0.167,0.32008,0.46296,1,3,4,2,4,1,0,1,0,0.001173,0
2,0,0,0,1.5874,1,1.0598,0.11658,0.16667,0,0.15152,0.30303,0.13636,0.075758,0.16667,0,0,0.09375,0.26563,0.34375,0,0.015625,0,0.09375,0.1875,0.13948,0.32825,0.004637,90,17.785,16,26,0.0020187,1,0.31464,0.31579,1,3,2,2,2,-1,0,1,-1,0.001173,-0.0024969
2,0,0,0,0.15882,1,1.0205,0.069176,0.31746,0.22222,0.12698,0,0.14286,0,0,0.19048,0,0,0,0,0,0.22951,0,0.065574,0.70492,0.22646,0.62845,0.012483,90,10.826,35,38,0.0028207,0.42857,1,0.13068,0.27557,2,3,2,2,0,-1,1,-1,0.001173,-0.0024969
2,2,0.21694,0.15295,0.14541,1,0.77108,0.091071,0.15873,0.33333,0.1746,0.1746,0.015873,0,0.14286,0,0,0,0,0,0,0.70492,0.016393,0.04918,0.22951,0.31112,0.89713,0.043075,90,8.184,30,33,0.0060886,0,1,1,0.2996,2,3,2,2,1,1,0,-1,0,-0.0049938
2,1,0.10323,0.10323,1.2681,1,0.47852,0.096554,0.10769,0,0.092308,0.4,0.15385,0.076923,0.16923,0,0,0.22222,0,0.079365,0,0.047619,0.2381,0.30159,0.11111,0.20636,0.45468,0.00085965,90,20.421,17,33,0.0037235,0.10654,0.27603,0.52941,1,3,2,2,2,1,0,0,-1,0,-0.0024969
2,3,0.25982,0,0.26967,1,0.74011,0.10564,0,0.10909,0.4,0,0.14545,0.10909,0.23636,0,0,0.49057,0,0.018868,0,0.22642,0,0.018868,0.24528,0.23115,0.64166,0.0066594,75.804,15.359,15,28,0.0029168,0.73684,1,0.1571,0.43202,3,5,3,2,0,-1,0,0,0,0
2,0,0,0,1.3654,1,0.59783,0.17318,0,0,0.23188,0.21739,0.14493,0.23188,0,0,0.17391,0.20896,0,0.014925,0,0.029851,0.19403,0.41791,0.13433,0.18913,0.43475,0.00053444,90,17.805,29,42,0.004215,0,0.68564,0.56115,1,3,2,2,2,1,1,0,-1,0,-0.0012484
2,2,0.20598,0.071381,2.2655,1,0.51892,0.052624,0.045455,0.030303,0.16667,0.24242,0.15152,0,0.36364,0,0,0.125,0.078125,0.046875,0,0.046875,0.28125,0.34375,0.078125,0.16619,0.43996,0.003777,180,23.942,18,42,0.0025749,0.15668,0.27189,0.6,1,3,3,3,3,1,0,0,-1,0,-0.0012484
2,0,0,0,1.5319,1,0.55203,0.17107,0.13924,0,0.088608,0.27848,0.21519,0.11392,0.16456,0,0,0.051948,0.28571,0.4026,0,0,0,0.090909,0.16883,0.19386,0.46327,0.0068138,103.22,21.804,27,44,0.0047344,1,0.28222,0.27536,1,3,2,3,2,-1,0,-1,-1,-0.00058651,-0.0012484
2,2,0.10827,0.0024969,1.6993,1,0.47827,0.15762,0.125,0,0,0.375,0.20833,0.15278,0.13889,0,0,0.071429,0.12857,0.55714,0,0.014286,0,0.042857,0.18571,0.19795,0.45286,0.0010605,180,13.089,39,33,0.0032317,1,0.22894,0.46094,1,3,4,2,4,-1,0,0,-1,0,-0.0024969
2,2,0.048308,0.026961,1.4551,1,0.6661,0.088517,0,0.035714,0.071429,0,0.089286,0.21429,0.23214,0.071429,0.28571,0.074074,0.074074,0.11111,0,0.074074,0.18519,0.31481,0.16667,0.098953,0.24122,0.0030372,76.781,26.872,17,31,0.001409,0,0.73543,0.875,1,3,2,2,2,1,0,0,-1,0,-0.0024969
2,1,0,0,1.4094,1,0.65747,0.10746,0.26531,0.081633,0,0.18367,0.18367,0.18367,0.10204,0,0,0.021277,0.23404,0.53191,0.021277,0.021277,0,0,0.17021,0.10712,0.26638,0.0019005,90,13.888,18,26,0.0016766,1,0.26587,0.5,1,3,4,2,2,-1,0,0,0,0,0
2,1,0.0037453,0.0037453,0.71756,1,0.69784,0.10315,0.16393,0,0,0.36066,0.13115,0.14754,0.081967,0.11475,0,0.28814,0,0,0,0.016949,0.033898,0.47458,0.18644,0.14781,0.32686,0.005256,115.16,11.276,26,33,0.0023706,0.13901,0.3991,0.44521,1,3,2,2,3,1,0,0,-1,0,-0.0037453
2,1,0,0,0.22453,1,0.74333,0.095454,0.19608,0.37255,0.058824,0.11765,0,0.11765,0.078431,0.058824,0,0,0,0,0.081633,0.53061,0,0.12245,0.26531,0.19573,0.54455,0.11306,90,23.969,15,29,0.0028522,0.27692,1,1,0.42279,3,3,3,2,1,0,0,0,0,0
2,0,0,0,1.3798,1,0.73094,0.18146,0.14035,0.052632,0,0.29825,0.052632,0,0.19298,0.087719,0.17544,0.036364,0.18182,0.45455,0,0,0,0.072727,0.25455,0.1989,0.46099,0.002229,115.16,18.265,28,25,0.0045385,1,0.21667,0.67832,1,3,4,2,2,-1,0,0,-1,0,-0.0012484
2,1,0.0039247,0.0039247,1.7721,1,0.6395,0.16604,0,0,0.090909,0,0.10606,0.33333,0.22727,0.060606,0.18182,0.15625,0.0625,0.03125,0,0.015625,0.29688,0.3125,0.125,0.21992,0.49959,0.00017589,90,11.638,25,34,0.0045484,0,0.75828,0.81618,1,3,2,2,2,1,0,-1,-1,-0.001173,-0.0037453
2,0,0,0,1.3784,1,0.82113,0.11373,0,0,0.09375,0.25,0.125,0.3125,0,0,0.21875,0.12903,0.064516,0.064516,0,0.032258,0.096774,0.43548,0.17742,0.12855,0.29404,0.0030842,76.781,17.013,22,34,0.0016786,0,0.75281,0.63736,1,3,2,2,2,1,0,-1,0,-0.0017595,0
2,0,0,0,1.4137,1,0.88664,0.13639,0,0,0.12121,0.21212,0.13636,0.30303,0,0,0.22727,0.078125,0.17188,0.03125,0,0.015625,0.015625,0.5,0.1875,0.15712,0.36122,0.0011289,61.539,15.511,30,38,0.0023799,0,0.66767,0.57273,1,3,2,2,3,1,0,0,-1,0,-0.0024969
2,0,0,0,1.8322,1,0.91028,0.099985,0,0,0.081967,0.18033,0.14754,0.31148,0,0,0.27869,0.10169,0.067797,0.10169,0,0,0.050847,0.52542,0.15254,0.13153,0.30937,0.0008268,90,18.699,26,28,0.0014491,0,0.74038,0.5625,1,3,3,2,4,1,0,-1,0,-0.00058651,0
2,0,0,0,0.9927,1,0.72941,0.11251,0,0.033333,0.066667,0.21667,0.11667,0.35,0,0.083333,0.13333,0.086207,0.12069,0.034483,0,0.017241,0.017241,0.51724,0.2069,0.14055,0.32907,0.00092505,90,17.529,22,32,0.0024183,0,0.58848,0.46957,1,3,2,2,3,1,1,-1,-1,-0.001173,-0.0024969
2,1,0.10806,0.10806,1.0289,1,0.74566,0.14385,0,0.029851,0.1194,0.1791,0.10448,0.38806,0,0.059701,0.1194,0.23077,0.015385,0.015385,0,0.015385,0.030769,0.47692,0.21538,0.17636,0.40163,0.0037394,72.61,9.9373,36,27,0.0035425,0,0.63344,0.50704,1,3,4,2,2,1,0,-1,-1,-0.00058651,-0.0024969
2,0,0,0,1.7212,1,0.8084,0.14489,0,0,0.125,0.1625,0.1125,0.3875,0,0,0.2125,0.076923,0.089744,0.10256,0,0.012821,0.076923,0.47436,0.16667,0.19011,0.43701,0.0027839,90,22.157,29,40,0.0031074,0,0.74824,0.5431,1,3,4,2,2,1,0,-1,0,-0.001173,0
2,2,0.10869,0.0021574,1.1603,1,0.67856,0.092073,0.13636,0,0,0.31818,0.125,0.25,0.079545,0.090909,0,0.16279,0.034884,0.046512,0,0.011628,0.13953,0.4186,0.18605,0.15553,0.36336,0.0029206,180,19.783,35,55,0.0031605,0.24847,0.34663,0.45455,1,3,4,3,2,1,0,-1,0,-0.001173,0
2,0,0,0,2.2208,1,0.74266,0.096587,0.098592,0,0.12676,0.098592,0.12676,0.39437,0,0,0.15493,0.11594,0.086957,0.072464,0,0,0.057971,0.50725,0.15942,0.1508,0.34757,0.0045287,90,21.817,16,42,0.0022801,0,0.76648,0.2987,1,3,4,2,2,1,0,-1,0,-0.001173,0
2,0,0,0,1.4392,1,0.91607,0.077672,0,0,0.10169,0.25424,0.13559,0.38983,0,0.033898,0.084746,0.10526,0.035088,0.052632,0,0,0.017544,0.63158,0.15789,0.090525,0.21684,0.00087824,90,12.58,43,19,0.00093303,0,0.65285,0.46032,1,3,4,2,2,1,-1,-1,-1,-0.00058651,-0.0012484
2,1,0.074002,0.074002,1.0838,1,0.84666,0.12223,0,0,0.12281,0.15789,0.10526,0.38596,0,0,0.22807,0.14545,0.072727,0.072727,0,0.036364,0,0.47273,0.2,0.12728,0.29218,0.0033052,90,20.466,18,25,0.0020184,0,0.69528,0.39604,1,3,2,2,2,1,-1,-1,0,-0.00058651,0
2,1,0.088921,0.088921,0.96966,1,0.74804,0.10718,0,0.026316,0.13158,0.013158,0.13158,0.32895,0.17105,0.013158,0.18421,0.18919,0.027027,0.040541,0,0.013514,0.22973,0.31081,0.18919,0.15198,0.34827,0.00058716,76.781,21.443,18,35,0.0028374,0,0.65891,0.76,1,3,2,2,2,1,0,-1,-1,-0.001173,-0.0012484
2,1,0.1944,0.1944,0.15168,1,0.97611,0.051779,0.13333,0.26667,0.22222,0,0.15556,0,0.17778,0.044444,0,0.18605,0,0,0,0.2093,0,0.046512,0.55814,0.15027,0.39856,0.014014,156.65,14.664,24,26,0.00096324,0.47222,1,0.10762,0.30942,2,5,2,2,0,-1,0,-1,0,-0.0024969
2,2,0.20982,0.12292,0.22406,1,0.64242,0.072727,0.25926,0.18519,0.092593,0.037037,0.14815,0.055556,0,0.22222,0,0.019231,0,0,0,0.26923,0,0.038462,0.67308,0.18564,0.53935,0.038779,141.94,11.973,29,29,0.0027696,0.31452,1,0.080769,0.35,3,3,3,2,0,-1,0,-1,0,-0.0012484
2,1,0.00058651,0.00058651,1.0677,1,0.66886,0.11557,0.13333,0,0,0.33333,0.18333,0.2,0.15,0,0,0.13793,0.034483,0.53448,0.017241,0.034483,0,0.068966,0.17241,0.13424,0.30158,0.0039039,90,17.753,26,33,0.0018609,1,0.32,0.58182,1,3,2,2,2,-1,0,1,0,0.00058651,0
2,0,0,0,1.1454,1,0.52218,0.12173,0.068493,0.068493,0,0.38356,0.16438,0.12329,0.19178,0,0,0.14085,0.15493,0.4507,0,0,0,0.11268,0.14085,0.13943,0.3294,0.0037881,103.22,16.069,31,42,0.0022953,1,0.28906,0.55238,1,3,4,2,3,-1,0,1,-1,0.00058651,-0.0012484
2,1,0.077157,0.077157,1.3262,1,0.67469,0.14032,0.1519,0,0,0.43038,0.13924,0.12658,0.1519,0,0,0.19481,0.064935,0.49351,0.012987,0.012987,0,0.025974,0.19481,0.1589,0.3484,0.00029777,67.654,16.574,32,39,0.0020112,1,0.18809,0.54867,1,3,3,2,3,-1,0,0,-1,0,-0.0012484
2,1,0.060479,0.060479,1.9652,1,0.56236,0.087103,0.076923,0,0.061538,0.4,0.16923,0.12308,0.16923,0,0,0.047619,0.20635,0.47619,0.015873,0.015873,0,0.11111,0.12698,0.12526,0.30507,0.0030223,180,22.507,27,39,0.0018218,1,0.23232,0.26761,1,3,4,2,2,-1,-1,0,-1,0,-0.0024969
2,3,0.14014,0.030801,0.99006,1,0.72834,0.11201,0.057143,0.071429,0,0.37143,0.14286,0.15714,0.14286,0,0.057143,0.14706,0.044118,0.45588,0.029412,0.058824,0,0.10294,0.16176,0.1446,0.33907,0.0041322,180,19.292,16,34,0.0024978,1,0.32941,0.67769,1,3,2,2,2,-1,0,1,0,0.00058651,0
2,0,0,0,1.2514,1,0.54048,0.14366,0.046875,0.0625,0,0.32813,0,0,0.28125,0.1875,0.09375,0.20968,0.032258,0.41935,0.016129,0,0,0.16129,0.16129,0.15576,0.36481,0.0058706,90,18.542,30,36,0.0026281,1,0.24919,0.7069,1,3,2,2,2,-1,0,1,0,0.001173,0
2,5,0.14397,0.050383,0.19953,1,0.65444,0.071754,0,0.087719,0.070175,0,0.14035,0.052632,0.087719,0.40351,0.15789,0.36364,0,0,0,0.34545,0,0.072727,0.21818,0.18464,0.52669,0.057305,61.273,5.9987,16,21,0.0024266,0.75455,1,0,0.61004,2,4,2,2,-1,-1,1,1,0.001173,0.0024969
2,1,0.096099,0.096099,0.10335,1,0.52741,0.053002,0,0,0.20339,0.033898,0.050847,0.10169,0.084746,0.33898,0.18644,0.26316,0,0,0,0.24561,0,0.035088,0.45614,0.18692,0.56205,0.015285,46.784,7.571,28,33,0.0019005,0.95455,1,0,0.73333,2,4,2,2,0,-1,0,1,0,0.0024969
2,1,0.090985,0.090985,0.12716,1,0.71871,0.043698,0,0.25862,0,0,0.17241,0,0.068966,0.36207,0.13793,0.071429,0,0,0,0.23214,0,0,0.69643,0.17059,0.46895,0.02833,166.78,6.4774,43,34,0.0013398,0.36111,1,0,0.73308,2,4,3,2,0,-1,0,1,0,0.0012484
2,1,0.2882,0.2882,0.16635,1,0.56942,0.064242,0,0.21918,0,0,0.10959,0,0.20548,0.26027,0.20548,0.28169,0,0,0,0.28169,0.014085,0.070423,0.35211,0.21611,0.56717,0.081574,90,13.302,30,40,0.0024251,0.62037,1,0,0.78033,2,4,2,2,0,-1,1,0,0.00058651,0
2,1,0.10572,0.10572,0.23402,1,0.52458,0.07805,0,0.15714,0,0,0.14286,0.042857,0.21429,0.32857,0.11429,0.13235,0,0,0,0.20588,0,0.16176,0.5,0.19513,0.56038,0.083932,84.632,13.272,34,35,0.0034625,0.57895,1,0,0.64419,3,4,3,2,0,-1,1,0,0.001173,0
2,0,0,0,0.18953,1,0.54462,0.055484,0,0.15517,0,0.034483,0.15517,0.034483,0.13793,0.37931,0.10345,0.14286,0,0,0,0.19643,0,0.035714,0.625,0.17308,0.5006,0.079125,84.632,9.6912,33,25,0.0019179,0.54255,1,0,0.65236,2,4,2,2,0,-1,0,1,0,0.0037453
