da5 = [2,0,0,0,0.49466,1,0.8709,0.19333,0.1746,0.11111,0.12698,0.22222,0.087302,0,0.11111,0.087302,0.079365,0.25,0.024194,0.12097,0,0.016129,0.048387,0.37097,0.16935,0.34359,1.0676,0.11105,109.69,9.6226,100,75,0.038647,0.31225,1,0,0.15027,3,5,3,3,-1,-1,0,-1,0,-0.0014245
2,1,0.41297,0.41297,0.48476,1,0.77832,0.13488,0.10435,0.11304,0.11304,0.2087,0.10435,0,0.13043,0.10435,0.12174,0.28319,0.035398,0.14159,0.035398,0.061947,0.097345,0.21239,0.13274,0.26465,0.89607,0.10502,90,10.143,101,61,0.026878,0.38571,1,0,0.077419,3,6,3,3,-1,-1,1,0,0.0010194,0
2,2,0.36679,0.2608,0.46129,1,0.86917,0.1632,0.15323,0.072581,0.14516,0.17742,0.10484,0.024194,0.12903,0.072581,0.12097,0.27049,0.040984,0.12295,0.0081967,0.04918,0.065574,0.29508,0.14754,0.32395,1.0125,0.10701,180,10.516,113,64,0.037443,0.30342,1,0,0.011019,3,6,3,3,-1,-1,1,0,0.0020387,0
2,0,0,0,0.46194,1,0.86827,0.14733,0.07563,0.10924,0.12605,0.18487,0.10084,0.058824,0.15966,0.084034,0.10084,0.22222,0.051282,0.12821,0.042735,0.051282,0.1453,0.22222,0.13675,0.26984,0.9983,0.090808,90,11.642,89,77,0.032968,0.34821,1,0.048991,0,3,5,3,3,-1,-1,1,0,0.0010194,0
2,2,0.4442,0.25125,0.50161,1,0.85036,0.14781,0.11881,0.09901,0.14851,0.13861,0.049505,0.079208,0.14851,0.049505,0.16832,0.19192,0.040404,0.15152,0,0.050505,0.020202,0.36364,0.18182,0.26103,0.91805,0.099595,90,10.534,80,56,0.033056,0.3211,1,0.0032154,0.0096463,4,7,3,2,-1,-1,1,-1,0.0030581,-0.002849
2,0,0,0,0.59939,1,0.89808,0.22331,0.14783,0.10435,0.13043,0.14783,0.078261,0,0.14783,0.18261,0.06087,0.16814,0.044248,0.11504,0.035398,0.035398,0.044248,0.38938,0.16814,0.33558,1.0793,0.11163,90,10.536,89,60,0.042024,0.2551,1,0,0.019943,3,6,3,3,-1,-1,0,-1,0,-0.0042735
2,1,0.21691,0.21691,0.38426,1,0.78755,0.13051,0.13265,0.040816,0.13265,0.23469,0.05102,0.030612,0.081633,0.071429,0.22449,0.19792,0.072917,0.11458,0.03125,0.010417,0.010417,0.35417,0.20833,0.26495,0.82917,0.11088,70.743,8.0665,95,54,0.029046,0.19162,1,0,0.012862,3,7,3,2,0,-1,1,0,0.0020387,0
2,0,0,0,0.66235,1,0.95356,0.21305,0.11765,0.10084,0.15126,0.17647,0.092437,0.033613,0.12605,0.058824,0.14286,0.17094,0.025641,0.18803,0,0.017094,0.051282,0.35897,0.18803,0.32982,1.0932,0.10609,90,12.634,88,75,0.047597,0.32797,1,0.014881,0.020833,3,6,3,2,-1,-1,0,-1,0,-0.0014245
2,0,0,0,0.57482,1,0.78654,0.17358,0.15741,0.074074,0.16667,0.14815,0.13889,0.046296,0.10185,0.10185,0.064815,0.18868,0.056604,0.09434,0.009434,0,0.084906,0.42453,0.14151,0.2424,0.78425,0.072166,90,9.8386,72,60,0.021619,0.13265,1,0.012295,0.04918,3,6,3,3,0,-1,0,-1,0,-0.002849
2,3,0.60892,0.36991,0.71236,1,1.0837,0.33239,0.15152,0.090909,0.12121,0.17576,0.066667,0.066667,0.09697,0.09697,0.13333,0.18405,0.06135,0.1411,0.030675,0.02454,0.12883,0.32515,0.10429,0.44348,1.7024,0.14357,109.69,10.287,125,96,0.088695,0.25909,1,0,0.013575,3,7,3,4,-1,-1,0,-1,0,-0.0014245
2,2,0.39712,0.37364,0.54494,1,1.0274,0.2839,0.11446,0.10241,0.11446,0.21687,0.078313,0.054217,0.12048,0.078313,0.12048,0.18293,0.042683,0.15854,0.02439,0.030488,0.10976,0.30488,0.14634,0.45496,1.6039,0.16114,90,10.935,142,93,0.089722,0.26842,1,0.006012,0.032064,3,6,3,3,-1,-1,0,-1,0,-0.0014245
2,1,0.40954,0.40954,0.49128,1,1.0005,0.26097,0.15862,0.089655,0.13103,0.17931,0.10345,0.068966,0.075862,0.075862,0.11724,0.14685,0.062937,0.11189,0.020979,0.006993,0.076923,0.37762,0.1958,0.41224,1.3321,0.12133,90,11.715,121,88,0.062941,0.15756,1,0.02649,0.028698,3,6,3,3,-1,-1,1,0,0.0020387,0
2,1,0.4441,0.4441,0.66068,1,0.94276,0.26773,0.13043,0.065217,0.15942,0.18116,0.07971,0.057971,0.11594,0.050725,0.15942,0.27206,0.066176,0.13971,0.014706,0.022059,0.073529,0.28676,0.125,0.40541,1.5371,0.14989,90,8.3848,109,94,0.08929,0.33766,1,0,0.11271,3,7,3,4,-1,-1,0,-1,0,-0.002849
2,1,0.33124,0.33124,0.54253,1,0.87155,0.23813,0.15652,0.086957,0.13043,0.21739,0.06087,0.095652,0.069565,0.078261,0.10435,0.15044,0.053097,0.12389,0.0088496,0.0088496,0.088496,0.38938,0.17699,0.36798,1.2084,0.1109,90,11.948,77,68,0.05383,0.14695,1,0,0.089674,3,6,3,3,0,-1,1,-1,0.0030581,-0.0014245
2,2,0.39133,0.33352,0.58675,1,0.88125,0.23758,0.12879,0.090909,0.12879,0.2197,0.098485,0.060606,0.10606,0.068182,0.098485,0.14615,0.046154,0.14615,0.0076923,0.030769,0.12308,0.36923,0.13077,0.35733,1.2306,0.12104,90,11.394,94,80,0.054283,0.22297,1,0,0.085873,3,6,3,3,-1,-1,1,0,0.0010194,0
2,0,0,0,0.65845,1,0.83118,0.21307,0.15873,0.087302,0.14286,0.14286,0.087302,0.087302,0.095238,0.047619,0.15079,0.18548,0.040323,0.14516,0,0,0.040323,0.40323,0.18548,0.28519,1.0387,0.090299,90,8.7561,108,74,0.040595,0.20755,1,0,0.03125,3,7,3,3,0,-1,1,0,0.0010194,0
2,1,0.35177,0.35177,0.57729,1,0.82354,0.21419,0.11881,0.059406,0.12871,0.24752,0.09901,0.039604,0.079208,0.089109,0.13861,0.20202,0.040404,0.11111,0.010101,0.040404,0.040404,0.37374,0.18182,0.35245,1.1156,0.12475,84.678,9.9063,85,58,0.048813,0.28472,1,0,0.092437,3,7,3,3,-1,-1,1,0,0.0010194,0
2,0,0,0,0.52703,1,0.84316,0.18847,0.16031,0.083969,0.12214,0.19847,0.1145,0.053435,0.083969,0.053435,0.12977,0.15504,0.031008,0.10853,0.015504,0.015504,0.085271,0.37984,0.2093,0.2859,0.95705,0.098141,90,9.547,110,77,0.032377,0.16514,1,0,0.091216,3,7,3,3,0,-1,1,0,0.0010194,0
2,2,0.38291,0.19816,0.48529,1,0.7919,0.17736,0.15328,0.094891,0.13139,0.17518,0.072993,0.072993,0.10219,0.043796,0.15328,0.21481,0.037037,0.14815,0,0.022222,0.12593,0.2963,0.15556,0.3343,1.0846,0.11862,90,12.052,103,79,0.043441,0.26695,1,0,0.066092,3,5,3,3,0,-1,1,0,0.0020387,0
2,0,0,0,0.52901,1,0.84706,0.17446,0.085106,0.14894,0.15603,0.14894,0.056738,0.085106,0.14184,0.056738,0.12057,0.20144,0.035971,0.17266,0.014388,0.021583,0.093525,0.34532,0.11511,0.31185,1.128,0.099828,103.42,10.748,108,73,0.047026,0.32171,1,0.022923,0.008596,3,6,3,3,-1,-1,1,0,0.0010194,0
2,0,0,0,0.49248,1,0.84429,0.17718,0.13043,0.094203,0.15217,0.13768,0.057971,0.086957,0.14493,0.050725,0.14493,0.15441,0.044118,0.15441,0.036765,0.014706,0.036765,0.39706,0.16176,0.32015,1.1124,0.12096,90,10.218,113,85,0.047842,0.27347,1,0,0.039326,3,7,3,3,0,-1,1,0,0.0010194,0
2,0,0,0,0.53524,1,0.88477,0.18063,0.11111,0.14286,0.12698,0.1746,0.063492,0.079365,0.11111,0.087302,0.10317,0.22581,0.040323,0.16129,0,0.024194,0.072581,0.29839,0.17742,0.332,1.1198,0.11462,90,10.899,98,83,0.049748,0.33696,1,0.01084,0.02981,3,6,3,3,-1,-1,1,0,0.0010194,0
2,1,0.36367,0.36367,0.60665,1,0.87987,0.23252,0.17094,0.094017,0.094017,0.20513,0.11111,0.034188,0.12821,0.051282,0.11111,0.2,0.026087,0.13913,0.0086957,0.0086957,0.086957,0.33913,0.1913,0.34176,1.0993,0.1148,64.496,8.3042,101,78,0.04211,0.19718,1,0,0.047761,3,6,3,4,0,-1,1,0,0.0010194,0
2,4,0.56685,0.29919,0.45507,1,0.8897,0.16981,0.11475,0.07377,0.13934,0.18033,0.081967,0.11475,0.12295,0.04918,0.12295,0.2,0.083333,0.14167,0,0.033333,0.2,0.19167,0.15,0.37527,1.2459,0.1278,34.943,6.5123,101,63,0.065107,0.32342,0.94796,0.035461,0.014184,3,6,3,3,-1,-1,1,-1,0.0020387,-0.0014245
2,0,0,0,0.53036,1,0.90189,0.19988,0.18812,0.059406,0.12871,0.15842,0.10891,0.079208,0.12871,0.049505,0.09901,0.20202,0.050505,0.14141,0,0.010101,0.070707,0.36364,0.16162,0.36151,1.095,0.10438,90,10.535,82,55,0.046102,0.27206,1,0.010899,0.0027248,3,6,3,3,-1,-1,1,-1,0.0020387,-0.0014245
2,1,0.21519,0.21519,0.59274,1,0.78453,0.19545,0.14953,0.056075,0.1028,0.16822,0.065421,0.1028,0.13084,0.074766,0.14953,0.14286,0.047619,0.18095,0.0095238,0.0095238,0.028571,0.35238,0.22857,0.34177,1.0973,0.11523,81.282,8.5618,106,66,0.047555,0.29818,1,0,0.036145,3,5,3,3,-1,-1,1,0,0.0020387,0
2,0,0,0,0.58071,1,0.7838,0.17344,0.14815,0.074074,0.12963,0.24074,0.055556,0,0.12963,0.092593,0.12963,0.12264,0.04717,0.16981,0.009434,0.009434,0.075472,0.37736,0.18868,0.32888,1.0181,0.099943,90,7.4623,82,67,0.035297,0.32677,1,0,0.015974,3,6,3,3,-1,-1,1,0,0.0010194,0
2,2,0.33512,0.2475,0.66928,1,0.82819,0.21299,0.23932,0.068376,0.10256,0.19658,0.11966,0.017094,0.076923,0.10256,0.076923,0.25217,0.052174,0.13043,0,0.026087,0.017391,0.42609,0.095652,0.3606,1.0547,0.093319,83.199,9.9403,97,63,0.035044,0.28374,1,0,0.080906,3,6,3,3,-1,-1,1,0,0.0010194,0
2,0,0,0,0.55556,1,0.77406,0.1689,0.16949,0.042373,0.084746,0.22034,0.067797,0.10169,0.11864,0.067797,0.12712,0.24138,0.051724,0.16379,0.025862,0,0.060345,0.32759,0.12931,0.30494,1.0662,0.10945,90,8.2837,108,78,0.041025,0.33333,1,0,0.089457,3,5,3,3,-1,-1,1,0,0.0010194,0
2,0,0,0,0.58722,1,0.76378,0.16536,0.15,0.091667,0.125,0.20833,0.066667,0.058333,0.15,0.066667,0.083333,0.20339,0.084746,0.09322,0.033898,0.016949,0.084746,0.33051,0.15254,0.30158,0.97714,0.085277,90,8.6211,97,66,0.034879,0.34008,1,0,0.019934,3,5,3,3,-1,-1,1,0,0.0010194,0
2,1,0.29099,0.29099,0.5653,1,0.79242,0.19105,0.19298,0.078947,0.052632,0.20175,0.10526,0.04386,0.14912,0.070175,0.10526,0.24107,0.071429,0.11607,0.026786,0.053571,0.125,0.22321,0.14286,0.30802,1.0584,0.10541,90,10.953,95,69,0.035998,0.25397,1,0,0.028213,3,5,3,3,-1,-1,1,0,0.0010194,0
2,1,0.32422,0.32422,0.59156,1,0.82446,0.17536,0.14783,0.069565,0.13043,0.21739,0.086957,0.026087,0.13913,0.086957,0.095652,0.20354,0.070796,0.13274,0.0088496,0.035398,0.053097,0.36283,0.13274,0.30063,0.99476,0.097794,90,10.915,88,63,0.033839,0.31048,1,0,0.076667,3,7,3,3,-1,-1,1,0,0.0020387,0
2,3,0.32492,0.15547,0.51606,1,0.74437,0.14997,0.12903,0.080645,0.072581,0.19355,0.12903,0.056452,0.12903,0.080645,0.12903,0.2623,0.057377,0.13115,0.02459,0.02459,0.081967,0.2623,0.15574,0.31509,1.023,0.11197,90,9.1874,114,65,0.030745,0.40444,1,0,0.14423,3,5,3,3,-1,-1,1,0,0.0010194,0
2,1,0.33828,0.33828,0.62452,1,0.75338,0.16214,0.13084,0.13084,0.11215,0.24299,0.065421,0,0.1028,0.21495,0,0.18095,0.066667,0.12381,0.0095238,0.0095238,0.11429,0.35238,0.14286,0.27985,0.84344,0.077806,125.59,9.736,87,73,0.02393,0.33333,1,0.010909,0,3,7,3,3,-1,-1,1,0,0.0010194,0
2,0,0,0,0.60018,1,0.70617,0.22226,0.13492,0.071429,0.11111,0.2619,0.10317,0.02381,0.11905,0.10317,0.071429,0.20161,0.040323,0.12903,0.016129,0.032258,0.080645,0.33065,0.16935,0.31229,1.0509,0.11064,90,11.15,110,77,0.036501,0.15385,1,0,0.10968,3,6,3,4,0,-1,1,0,0.0020387,0
2,1,0.27489,0.27489,0.48276,1,0.71103,0.10406,0.054054,0.16216,0.10811,0.20721,0.063063,0.072072,0.11712,0.054054,0.16216,0.20183,0.036697,0.13761,0.027523,0.036697,0.082569,0.29358,0.18349,0.27676,0.98095,0.12419,80.442,11.286,100,68,0.043745,0.40265,0.83628,0,0.11343,3,5,3,3,-1,-1,1,0,0.0010194,0
2,4,0.21631,0.13098,0.46602,1,0.7312,0.12042,0.15741,0.10185,0.064815,0.14815,0.064815,0.12037,0.14815,0.083333,0.11111,0.17925,0.04717,0.17925,0,0.075472,0,0.37736,0.14151,0.27788,0.93094,0.11109,90,8.9143,99,53,0.039655,0.30806,0.82464,0,0.1142,3,5,3,2,-1,-1,0,-1,0,-0.0014245
2,3,0.20969,0.0020387,0.52443,1,0.63804,0.084115,0.11538,0.14423,0.057692,0.16346,0.048077,0.125,0.125,0.057692,0.16346,0.21569,0.039216,0.18627,0.0098039,0.029412,0.10784,0.2549,0.15686,0.21865,0.86502,0.093871,180,10.916,86,61,0.033275,0.3399,0.70443,0,0.083032,4,5,3,3,0,-1,-1,0,-0.0020387,0
2,3,0.19721,0.15315,0.47066,1,0.73864,0.11854,0.16949,0.11017,0.084746,0.18644,0.050847,0.084746,0.11017,0.059322,0.14407,0.18103,0.034483,0.13793,0.043103,0.043103,0.086207,0.36207,0.11207,0.24937,0.96562,0.089322,90,9.2425,93,56,0.035435,0.2449,0.81122,0,0.090604,3,7,3,3,0,-1,1,0,0.0010194,0
2,0,0,0,0.42219,1,0.80036,0.08301,0.075,0.25,0.0083333,0.21667,0.066667,0.1,0.1,0.05,0.13333,0.22881,0.042373,0.12712,0.025424,0.025424,0.067797,0.32203,0.16102,0.33058,1.2161,0.14106,90,10.915,104,64,0.065436,0.43629,0.66795,0,0.10934,3,7,3,3,-1,-1,1,0,0.0010194,0]
