da6 = [1,1,0.1704,0.1704,0.35126,1,0.48411,0.45637,0.018182,0.1,0.036364,0.16364,0.063636,0.072727,0.35455,0.027273,0.16364,0.37615,0.073394,0.11927,0.036697,0.11009,0.027523,0.091743,0.16514,0.45908,1.1037,0.342,90,18.158,31,65,0.10086,0.74468,0.015957,0,0.80157,2,2,2,2,-1,-1,0,-1,0,-0.002849
1,1,0.3659,0.3659,0.33991,1,0.4142,0.40426,0,0.091837,0.10204,0.10204,0.040816,0,0.33673,0.11224,0.21429,0.31959,0.061856,0.18557,0.051546,0.10309,0.020619,0.10309,0.15464,0.40596,0.96825,0.2617,74.979,16.718,18,59,0.083923,0.87719,0,0,0.73333,2,2,2,2,-1,-1,-1,-1,-0.0010194,-0.0014245
1,0,0,0,0.35961,1,0.4526,0.42544,0,0.06383,0.095745,0.2234,0.095745,0.085106,0.23404,0.042553,0.15957,0.36559,0.064516,0.16129,0.032258,0.12903,0.043011,0.10753,0.096774,0.42799,1.1624,0.25564,64.496,13.425,30,62,0.10133,0.94444,0,0,0.68274,2,2,2,2,-1,-1,0,-1,0,-0.002849
1,2,0.24337,0.093847,0.38841,1,0.47524,0.35994,0.17476,0,0,0.23301,0.058252,0.029126,0.21359,0.048544,0.24272,0.28431,0.039216,0.14706,0.04902,0.13725,0.0098039,0.16667,0.16667,0.36011,1.0463,0.26989,77.884,17.078,27,58,0.099305,0.30049,0,0,0.66578,2,2,2,2,-1,-1,-1,0,-0.0010194,0
1,3,0.20615,0.081422,0.33055,1,0.46414,0.39425,0.096154,0.086538,0,0.29808,0.067308,0.067308,0.18269,0.048077,0.15385,0.33981,0.07767,0.1165,0.067961,0.1165,0.029126,0.07767,0.17476,0.39703,1.1286,0.32669,81.855,16.324,27,61,0.095936,0.45213,0,0,0.6683,2,2,2,2,-1,-1,0,-1,0,-0.002849
1,2,0.26328,0.23534,0.34631,1,0.47731,0.38315,0,0.09,0.1,0.18,0.14,0.04,0.22,0.05,0.18,0.35354,0.060606,0.15152,0.060606,0.12121,0.050505,0.090909,0.11111,0.38576,1.1289,0.23813,86.587,17.104,21,59,0.10043,0.90306,0.12755,0,0.61235,2,2,2,2,-1,-1,0,-1,0,-0.002849
1,1,0.2724,0.2724,0.38532,1,0.45558,0.44556,0.019608,0.10784,0.098039,0.098039,0,0,0.32353,0.14706,0.20588,0.26733,0.10891,0.18812,0.079208,0.09901,0.039604,0.079208,0.13861,0.44682,1.0537,0.22183,70.313,14.993,24,64,0.10677,1,0,0,0.7374,2,2,2,2,-1,-1,0,-1,0,-0.0014245
1,2,0.23938,0.19876,0.47234,1,0.36673,0.3065,0.044643,0.13393,0.098214,0.16964,0.0625,0.026786,0.22321,0.053571,0.1875,0.2973,0.10811,0.12613,0.072072,0.10811,0.018018,0.14414,0.12613,0.36792,1.035,0.18935,81.855,13.786,29,68,0.089971,1,0,0.009901,0.71947,2,2,2,3,-1,1,0,-1,0,-0.0014245
1,1,0.13435,0.13435,0.4259,1,0.43799,0.3621,0.028302,0.15094,0.10377,0.23585,0.09434,0.018868,0.14151,0.028302,0.19811,0.25714,0.10476,0.24762,0.038095,0.11429,0.019048,0.085714,0.13333,0.36504,1.0231,0.19803,90,21.146,32,59,0.097181,1,0,0.0060423,0.65257,2,2,2,3,0,1,-1,-1,-0.0010194,-0.002849
1,3,0.20689,0.086483,0.2785,1,0.46586,0.36626,0,0.08,0.09,0.21,0.14,0.1,0.18,0.06,0.14,0.36364,0.090909,0.14141,0.030303,0.16162,0.050505,0.080808,0.080808,0.36793,0.98541,0.25409,82.587,18.437,24,53,0.069283,0.86806,0.10417,0,0.66486,2,2,2,2,-1,-1,-1,-1,-0.0010194,-0.0014245
1,1,0.231,0.231,0.41903,1,0.42501,0.36307,0,0.11458,0.010417,0.15625,0.083333,0.0625,0.375,0.0625,0.13542,0.29474,0.10526,0.15789,0.042105,0.094737,0.052632,0.10526,0.14737,0.42572,1.1345,0.32335,90,14.396,25,62,0.10431,0.66667,0,0,0.74866,2,2,2,2,-1,-1,-1,0,-0.0020387,0
1,0,0,0,0.39677,1,0.35573,0.33028,0,0.086957,0.054348,0.15217,0.11957,0.054348,0.30435,0.043478,0.18478,0.30769,0.076923,0.1978,0.032967,0.098901,0.043956,0.098901,0.14286,0.33159,0.89077,0.24406,85.907,20.322,21,53,0.068977,0.82143,0.059524,0,0.70627,2,2,2,2,-1,-1,0,-1,0,-0.0014245
1,4,0.33406,0.019268,0.34349,1,0.5868,0.41298,0,0.17,0.02,0.14,0.07,0.04,0.28,0.06,0.22,0.29293,0.070707,0.19192,0.050505,0.14141,0.040404,0.10101,0.11111,0.4133,1.0231,0.34513,85.454,21.672,22,59,0.088763,0.69444,0,0,0.736,2,2,2,2,-1,-1,-1,0,-0.0010194,0
1,2,0.38313,0.14985,0.34363,1,0.52579,0.43375,0,0.073684,0.094737,0.24211,0.10526,0.042105,0.23158,0.052632,0.15789,0.2766,0.10638,0.15957,0.06383,0.10638,0.042553,0.11702,0.12766,0.43628,1.1031,0.23263,87.269,24.05,23,53,0.10183,1,0,0,0.67574,2,2,2,2,-1,-1,0,-1,0,-0.002849
1,0,0,0,0.28221,1,0.5201,0.47681,0,0.081967,0.081967,0.12295,0.098361,0.016393,0.39344,0.032787,0.17213,0.30579,0.082645,0.15702,0.049587,0.066116,0.082645,0.033058,0.22314,0.47713,1.1081,0.25868,90,21.305,38,82,0.099099,0.92262,0.047619,0,0.74648,2,2,2,2,-1,-1,-1,0,-0.0010194,0
1,1,0,0,0.29484,1,0.53147,0.47342,0,0.069307,0.049505,0.16832,0.069307,0.059406,0.35644,0.039604,0.18812,0.33,0.11,0.11,0.05,0.11,0.02,0.08,0.19,0.53147,1.2521,0.43388,87.269,19.816,26,65,0.12058,0.8125,0,0,0.76395,2,2,2,2,-1,-1,0,0,0,0
1,2,0.093292,0.012882,0.45735,1,0.44491,0.42348,0,0.044944,0.089888,0.13483,0.17978,0.044944,0.30337,0.05618,0.14607,0.31818,0.13636,0.11364,0.056818,0.10227,0.034091,0.11364,0.125,0.44545,1.1357,0.20537,90,20.02,22,58,0.09576,1,0,0,0.73003,2,2,2,2,-1,-1,-1,0,-0.0010194,0
1,1,0.19677,0.19677,0.45349,1,0.44245,0.38811,0,0.086957,0.065217,0.1087,0.054348,0.021739,0.32609,0.1087,0.22826,0.23077,0.17582,0.15385,0.021978,0.14286,0.032967,0.10989,0.13187,0.44296,1.0855,0.28405,90,18.256,19,55,0.10695,1,0,0,0.78198,2,2,2,2,-1,-1,-1,0,-0.0010194,0
1,0,0,0,0.54362,1,0.48111,0.39868,0,0.10101,0.12121,0.090909,0.12121,0,0.29293,0.090909,0.18182,0.26531,0.19388,0.18367,0.020408,0.10204,0.040816,0.10204,0.091837,0.48171,1.1861,0.19192,76.889,19.244,19,63,0.12542,1,0,0,0.75967,2,2,2,2,-1,-1,-1,0,-0.0010194,0
1,0,0,0,0.45251,1,0.46174,0.40469,0,0.089888,0.05618,0.1236,0.10112,0,0.32584,0.044944,0.25843,0.29545,0.125,0.18182,0.022727,0.10227,0.022727,0.14773,0.10227,0.40642,1.0291,0.32,71.982,17.801,20,63,0.098359,0.8186,0,0,0.75294,2,2,2,2,-1,-1,-1,-1,-0.0010194,-0.0014245
1,1,0.23665,0.23665,0.34472,1,0.58431,0.528,0,0.1028,0.074766,0.13084,0.018692,0,0.33645,0.1215,0.21495,0.39623,0.11321,0.11321,0.037736,0.11321,0.037736,0.09434,0.09434,0.58868,1.2776,0.39178,70.313,18.1,24,64,0.14681,0.91518,0.0625,0,0.83871,2,2,2,2,-1,-1,-1,-1,-0.0010194,-0.0042735
1,1,0.20663,0.20663,0.32233,1,0.56586,0.37402,0,0.061856,0.16495,0.041237,0.051546,0,0.31959,0.14433,0.21649,0.375,0.10417,0.16667,0.0625,0.083333,0.041667,0.11458,0.052083,0.56718,1.2065,0.18476,74.027,19.559,25,50,0.1239,1,0,0,0.79526,2,2,2,2,-1,-1,0,-1,0,-0.0014245
1,0,0,0,0.40352,1,0.42957,0.34625,0,0.1,0.09,0.07,0.12,0.03,0.31,0.07,0.21,0.31313,0.14141,0.13131,0.050505,0.10101,0.020202,0.12121,0.12121,0.43,1.0426,0.28329,90,21.067,23,61,0.093748,0.87192,0,0,0.76111,2,2,2,2,-1,-1,-1,0,-0.0010194,0
1,1,0.22515,0.22515,0.53556,1,0.55237,0.37441,0.028302,0.11321,0.11321,0.26415,0.12264,0.028302,0.14151,0.075472,0.11321,0.20952,0.15238,0.22857,0.066667,0.085714,0.057143,0.085714,0.11429,0.37661,1.0577,0.10969,75.664,21.998,26,66,0.089227,1,0,0.0031847,0.65287,2,2,2,3,-1,0,0,-1,0,-0.002849
1,2,0.26095,0.16788,0.36632,1,0.47788,0.40286,0.018692,0.093458,0.046729,0.19626,0.084112,0.093458,0.24299,0.056075,0.16822,0.31132,0.12264,0.12264,0.066038,0.13208,0.037736,0.084906,0.12264,0.47658,1.2435,0.36847,70.313,16.737,29,66,0.12123,0.87907,0,0,0.72857,2,4,2,2,-1,-1,0,1,0,0.0014245
1,0,0,0,0.57995,1,0.47555,0.39073,0.040816,0.11224,0.081633,0.27551,0.11224,0.081633,0.16327,0.061224,0.071429,0.17526,0.16495,0.27835,0.051546,0.092784,0.041237,0.061856,0.13402,0.39395,1.2444,0.13703,75.414,15.498,29,58,0.12763,1,0.030508,0,0.51099,2,2,2,2,-1,-1,-1,-1,-0.0030581,-0.0014245
1,1,0.15564,0.15564,0.36747,1,0.52502,0.35275,0.027523,0.15596,0.018349,0.20183,0.073394,0.073394,0.22018,0.055046,0.17431,0.33333,0.11111,0.092593,0.074074,0.13889,0.055556,0.083333,0.11111,0.35578,0.9697,0.29147,82.587,17.101,24,63,0.073165,0.71345,0,0,0.7027,2,2,2,2,-1,-1,-1,-1,-0.0010194,-0.002849
1,1,0.037386,0.037386,0.37335,1,0.49015,0.42255,0,0.11382,0.081301,0.23577,0.097561,0.097561,0.18699,0.056911,0.13008,0.31967,0.10656,0.13934,0.065574,0.098361,0.04918,0.098361,0.12295,0.42475,1.2506,0.27079,77.884,17.483,31,74,0.11724,0.88426,0,0,0.6401,2,2,2,2,-1,-1,-1,-1,-0.0020387,-0.0014245
1,0,0,0,0.40105,1,0.38639,0.35921,0.0074074,0.12593,0,0.23704,0.074074,0.11111,0.27407,0.037037,0.13333,0.30597,0.10448,0.16418,0.067164,0.10448,0.022388,0.089552,0.14179,0.38639,1.0967,0.3172,90,18.236,23,87,0.093066,0.65196,0,0,0.6978,2,2,2,2,-1,-1,0,0,0,0
1,2,0.070068,0.058105,0.36627,1,0.59413,0.3551,0.074468,0.11702,0,0.18085,0.11702,0.031915,0.24468,0.042553,0.19149,0.25806,0.11828,0.1828,0.043011,0.12903,0,0.13978,0.12903,0.35781,0.94891,0.30094,79.857,19.383,27,58,0.080503,0.62428,0,0,0.7071,2,2,2,2,-1,-1,0,-1,0,-0.002849
1,0,0,0,0.50201,1,0.5096,0.44653,0.065359,0.15686,0.1634,0.22876,0.10458,0.0065359,0.11765,0.058824,0.098039,0.17763,0.19079,0.26974,0.026316,0.092105,0.026316,0.046053,0.17105,0.44876,1.2549,0.091063,90,24.032,37,102,0.14544,1,0,0,0.62755,2,2,2,2,-1,0,0,-1,0,-0.002849
1,0,0,0,0.59071,1,0.49979,0.4167,0.037879,0.12879,0.075758,0.2803,0.11364,0.015152,0.16667,0.098485,0.083333,0.19084,0.16031,0.20611,0.076336,0.10687,0.045802,0.091603,0.12214,0.41744,1.2671,0.14049,81.855,21.774,27,86,0.1323,1,0,0,0.55679,2,2,2,2,-1,0,-1,0,-0.0010194,0
1,0,0,0,0.38447,1,0.39886,0.37524,0.045045,0.09009,0.009009,0.18018,0.081081,0.09009,0.2973,0.045045,0.16216,0.33636,0.10909,0.081818,0.036364,0.14545,0.027273,0.063636,0.2,0.37795,0.97581,0.29157,70.313,16.762,25,77,0.072618,0.67052,0,0,0.78261,2,2,2,2,-1,-1,0,-1,0,-0.002849
1,2,0.22346,0.034065,0.45643,1,0.45298,0.43998,0,0.11712,0.099099,0.18018,0.081081,0.10811,0.18919,0.081081,0.14414,0.21818,0.19091,0.14545,0.054545,0.11818,0.027273,0.12727,0.11818,0.44239,1.2157,0.25356,84.3,18.026,23,67,0.11337,0.98729,0,0,0.70811,2,2,2,2,-1,-1,0,-1,0,-0.002849
1,1,0.051653,0.051653,0.47982,1,0.4121,0.40117,0,0.094017,0.059829,0.23932,0.094017,0.11111,0.19658,0.042735,0.16239,0.2069,0.15517,0.18103,0.034483,0.15517,0.034483,0.11207,0.12069,0.40292,1.1303,0.27293,74.385,17.782,27,69,0.10714,1,0,0,0.66185,2,2,2,2,-1,-1,-1,-1,-0.0010194,-0.0014245
1,2,0.30116,0.15502,0.43822,1,0.40921,0.35725,0,0.095238,0.10476,0.20952,0.085714,0.07619,0.21905,0.057143,0.15238,0.28846,0.10577,0.17308,0.057692,0.11538,0.038462,0.11538,0.10577,0.35967,0.99568,0.21601,73.33,18.295,20,69,0.079522,0.98404,0,0,0.70033,2,2,2,2,-1,0,0,-1,0,-0.002849
1,1,0.13968,0.13968,0.38797,1,0.36837,0.35606,0.009009,0.13514,0.036036,0.22523,0.072072,0.09009,0.23423,0.036036,0.16216,0.30909,0.090909,0.20909,0.036364,0.11818,0.036364,0.090909,0.10909,0.35867,1.0059,0.28265,84.678,22.062,29,65,0.081971,0.78333,0.0055556,0,0.69578,2,2,2,2,-1,-1,0,-1,0,-0.002849
1,1,0.41639,0.41639,0.47209,1,0.54314,0.45114,0,0.14655,0.034483,0.21552,0.086207,0.10345,0.17241,0.068966,0.17241,0.31304,0.069565,0.14783,0.078261,0.095652,0.034783,0.14783,0.11304,0.45364,1.3675,0.38328,68.32,13.381,36,68,0.15074,0.74386,0,0,0.64815,2,2,2,2,-1,-1,0,-1,0,-0.002849
1,3,0.182,0,0.41884,1,0.58294,0.4115,0.026316,0.085526,0.013158,0.26974,0.046053,0.085526,0.24342,0.078947,0.15132,0.27815,0.05298,0.092715,0.099338,0.092715,0.059603,0.15894,0.16556,0.4115,1.3447,0.39648,90,18.498,33,89,0.13139,0.7004,0,0,0.61848,2,2,2,2,-1,-1,0,0,0,0
1,1,0.28587,0.28587,0.40073,1,0.45461,0.38615,0.042945,0.09816,0,0.26994,0.092025,0.07362,0.19632,0.07362,0.15337,0.27778,0.061728,0.1358,0.061728,0.098765,0.04321,0.11111,0.20988,0.45525,1.3588,0.40545,90,19.274,34,105,0.14396,0.56349,0,0,0.67333,2,2,2,2,-1,-1,-1,0,-0.0020387,0]
