2,0,0,0,0.30187,1,0.77309,0.077652,0.17544,0.087719,0.10526,0.15789,0.052632,0.017544,0.14035,0.035088,0.22807,0.10909,0.036364,0.2,0.018182,0,0,0.32727,0.30909,0.1821,0.49186,0.053041,71.45,8.2875,50,33,0.010421,0.07947,0.9404,0,0.059574,3,5,3,2,0,-1,1,0,0.00058651,0
2,2,0.14998,0.12125,0.33584,1,0.75155,0.070481,0.15094,0.075472,0.15094,0.09434,0.075472,0.037736,0.15094,0.056604,0.20755,0.078431,0.058824,0.17647,0,0.078431,0.039216,0.33333,0.23529,0.18746,0.51954,0.073805,60.773,12.155,31,25,0.011783,0.28652,0.97191,0,0.012048,3,7,3,2,0,-1,1,0,0.001173,0
2,1,0.001173,0.001173,0.33802,1,0.7725,0.087883,0.16981,0.11321,0.18868,0.15094,0.056604,0.018868,0.13208,0.056604,0.11321,0.098039,0.058824,0.15686,0,0,0.11765,0.33333,0.23529,0.19536,0.50263,0.053806,180,9.9502,35,35,0.010034,0.045198,0.9887,0.004065,0,4,5,3,2,0,-1,-1,0,-0.00058651,0
2,0,0,0,0.23668,1,0.74807,0.054901,0.12195,0.04878,0.17073,0.14634,0.12195,0,0.17073,0.12195,0.097561,0.10256,0.051282,0.12821,0,0.051282,0,0.30769,0.35897,0.18944,0.44253,0.046876,90,12.332,34,30,0.00731,0.13534,1,0,0.049242,3,7,3,2,0,-1,1,1,0.00058651,0.0012484
1,1,0.020374,0.020374,0.21121,1,0.49719,0.19613,0,0.033333,0.066667,0.3,0.066667,0.033333,0.23333,0.066667,0.2,0.31034,0.034483,0.17241,0.10345,0.13793,0.068966,0.068966,0.10345,0.19869,0.48979,0.15995,64.836,15.508,6,15,0.016017,1,0,0,0.63445,2,2,2,2,-1,-1,-1,-1,-0.00058651,-0.0024969
1,0,0,0,0.23742,1,0.50821,0.21466,0,0,0.11765,0.14706,0.11765,0.058824,0.29412,0.029412,0.23529,0.36364,0.030303,0.090909,0.090909,0.15152,0.060606,0.12121,0.090909,0.219,0.61731,0.15984,84.04,20.846,8,17,0.024271,0.97872,0,0,0.58423,2,2,2,2,-1,-1,-1,-1,-0.002346,-0.0037453
1,0,0,0,0.32956,1,0.39925,0.29362,0,0.071429,0.071429,0.17857,0.14286,0.10714,0,0.21429,0.21429,0.37037,0.074074,0.074074,0.11111,0.14815,0.037037,0.037037,0.14815,0.2952,0.77097,0.27023,71.192,19.751,7,11,0.039628,0.7617,0,0,0.6597,2,2,2,2,-1,-1,-1,-1,-0.001173,-0.0012484
1,0,0,0,0.33799,1,0.44445,0.34134,0,0.027778,0.11111,0.055556,0.22222,0.027778,0.25,0.11111,0.19444,0.31429,0.11429,0.14286,0.028571,0.2,0,0.057143,0.14286,0.34487,0.77505,0.14804,74.742,16.571,16,21,0.043265,1,0,0,0.68889,2,2,2,2,-1,-1,-1,-1,-0.0029326,-0.0024969
1,0,0,0,0.23142,1,0.39193,0.24313,0,0.037037,0.11111,0.037037,0.074074,0,0.33333,0.14815,0.25926,0.23077,0,0.26923,0.076923,0.11538,0.038462,0.11538,0.15385,0.24339,0.51534,0.095861,73.705,27.23,8,15,0.021027,1,0.30075,0,0.7037,2,4,2,1,-1,-1,-1,0,-0.001173,0
1,0,0,0,0.21096,1,0.4056,0.3914,0.08,0.12,0.32,0,0.04,0.16,0.16,0.12,0,0.5,0,0,0,0,0,0.375,0.125,0.39264,0.44984,0.11122,54.643,11.797,11,15,0.017592,0,0.2695,0,1,1,1,2,1,1,-1,0,-1,0,-0.0012484
1,1,0,0,0.13781,1,0.52481,0.37472,0.068966,0.10345,0.41379,0,0.034483,0.068966,0.17241,0.13793,0,0.46429,0,0.035714,0,0.035714,0,0.32143,0.14286,0.37472,0.41665,0.060784,90,23.599,13,16,0.010736,0,0.22727,0,1,1,1,2,1,1,0,0,0,0,0
1,0,0,0,0.21141,1,0.43558,0.34592,0.15152,0.12121,0.33333,0,0.090909,0.030303,0,0.27273,0,0.3125,0,0.03125,0,0,0,0.4375,0.21875,0.35089,0.41626,0.10112,90,13.833,16,19,0.011988,0,0.4127,0,1,1,1,2,1,1,0,0,-1,0,-0.0049938
1,1,0.13636,0.13636,0.30409,1,0.39062,0.32965,0.10345,0.10345,0.34483,0,0,0.10345,0,0,0.34483,0.35714,0,0.035714,0,0.071429,0.071429,0.32143,0.14286,0.33086,0.41048,0.02743,90,14.376,11,15,0.01559,0,0.77246,0,1,1,2,2,2,1,-1,0,-1,0,-0.0012484
1,2,0.10122,0.0050281,0.20808,1,0.69495,0.081234,0.14286,0.035714,0.125,0.017857,0.10714,0.25,0.125,0.089286,0.10714,0.10909,0.018182,0.10909,0.12727,0.34545,0,0.036364,0.25455,0.081131,1.1485,0.15658,78.925,20.135,12,28,0.050988,0.97938,0.85567,0.22831,0.37443,3,2,3,2,1,1,1,0,0.00058651,0
1,1,0.16239,0.16239,0.19584,1,0.71894,0.074883,0.23077,0.038462,0.13462,0.038462,0.15385,0.11538,0.057692,0.076923,0.15385,0.11765,0.039216,0.078431,0.13725,0.27451,0,0.039216,0.31373,0.071093,1.0953,0.082929,90,18.211,10,31,0.038625,0.83146,0.70787,0.18501,0.31616,3,2,3,2,1,1,1,1,0.00058651,0.0037453
1,1,0.59237,0.59237,0.18741,1,0.55597,0.45255,0.16071,0.125,0.33929,0,0.125,0.035714,0.19643,0.017857,0,0.45455,0.018182,0.072727,0.090909,0.18182,0.018182,0.036364,0.12727,0.55719,1.1551,0.016137,79.052,14.005,14,29,0.018134,0.91031,0,0.22004,1,2,2,2,3,0,1,0,-1,0,-0.0012484
1,0,0,0,0.17215,1,0.43105,0.41127,0.12766,0.085106,0.25532,0.021277,0.085106,0.17021,0,0.25532,0,0.45652,0,0.065217,0.1087,0.1087,0.043478,0.021739,0.19565,0.41375,0.91939,0.086432,144.83,17.84,16,27,0.016216,0.96988,0.45783,0.27373,1,2,2,2,3,0,1,0,-1,0,-0.0024969
2,0,0,0,0.44656,1,0.58261,0.011115,0.093023,0.093023,0.093023,0.046512,0.13953,0.23256,0.16279,0.046512,0.093023,0.12195,0.04878,0.097561,0.073171,0.29268,0.02439,0.17073,0.17073,0.015326,0.54707,0.014425,90.792,12.15,43,19,0.00853,0.81503,0.45087,0.34615,0.54396,3,3,4,3,1,1,1,0,0.0017595,0
2,1,0.052429,0.052429,0.43118,1,0.54559,0.0029326,0.10811,0.054054,0.10811,0.081081,0.081081,0.27027,0.054054,0.13514,0.10811,0.11429,0,0.057143,0.14286,0.37143,0.028571,0.14286,0.14286,0.01099,0.44226,0.005998,57.355,8.4829,36,15,0.0051871,0.88806,0.36567,0.49315,0.52055,3,3,3,3,1,1,1,0,0.00058651,0
2,1,0.046538,0.046538,0.5358,1,0.65339,0.0058651,0.1087,0.1087,0.021739,0.065217,0.086957,0.30435,0.086957,0.043478,0.17391,0.090909,0.022727,0.11364,0.18182,0.27273,0.022727,0.15909,0.13636,0.011303,0.39381,0.0050014,72.61,9.833,40,22,0.004475,0.87681,0.44203,0.5124,0.42149,3,3,3,3,0,1,0,0,0,0
2,1,0.10492,0.10492,0.3812,1,0.59998,0.001173,0.1,0.08,0.24,0.06,0.06,0.14,0.22,0.08,0.02,0.16667,0,0.083333,0.0625,0.39583,0.041667,0.10417,0.14583,0.017463,0.53639,0.0013401,76.781,7.0567,56,31,0.0064597,0.92254,0.42958,0.29714,0.4,3,3,2,3,0,1,1,-1,0.00058651,-0.0024969
2,0,0,0,0.68086,1,0.55918,0.056319,0.064516,0.12903,0.19355,0,0,0,0.096774,0.22581,0.29032,0,0,0,0,0,0.41379,0.51724,0.068966,0.058714,0.12292,0.016439,46.784,16.459,15,18,0.0002215,0,1,0.28986,0.98551,2,3,2,2,1,1,1,0,0.00058651,0
2,0,0,0,1.2632,1,0.50118,0.066804,0.074074,0.11111,0.22222,0,0,0,0.14815,0.22222,0.22222,0,0,0,0,0.04,0.16,0.8,0,0.064494,0.13364,0.015673,90,10.331,17,9,0.00024859,0.14876,0.93388,0,0.73333,2,2,2,2,1,0,1,0,0.001173,0
3,0,0,0,0.40822,1,0.5223,0.03942,0,0.076923,0.15385,0.025641,0.076923,0.35897,0.17949,0,0.12821,0.25,0,0,0,0.055556,0.11111,0.25,0.33333,0.17706,0.53946,0.021271,103.22,23.416,29,25,0.00040126,0.63128,0.88268,0.019417,0.40291,4,6,3,3,-1,-1,1,0,0.00058651,0
2,1,0.13948,0.13948,0.28808,1,0.39251,0.2451,0.033333,0.066667,0.13333,0.11667,0.1,0.13333,0.26667,0.05,0.1,0.25862,0.15517,0.18966,0,0.017241,0.034483,0.13793,0.2069,0.24261,0.6213,0.035103,180,10.231,53,43,0.0086444,0.24615,0.053846,0.075472,1,3,3,4,4,-1,-1,-1,0,-0.00058651,0
2,2,0.11764,0.08293,0.26883,1,0.48968,0.0052786,0.12245,0.12245,0.12245,0.081633,0.081633,0.14286,0.18367,0.12245,0.020408,0.12766,0,0.085106,0.06383,0.40426,0,0.12766,0.19149,0.005801,0.49463,0.010506,90,10.472,48,22,0.004457,1,0.48544,0.3,0.45556,3,3,2,3,-1,1,0,1,0,0.0037453
2,1,0.071952,0.071952,0.33863,1,0.49992,0.010005,0.044118,0.029412,0.26471,0.073529,0.073529,0.14706,0.16176,0.10294,0.10294,0.13636,0,0.045455,0.075758,0.43939,0.015152,0.090909,0.19697,0.013882,0.57214,0.0060574,54.828,5.1866,75,43,0.0071848,1,0.45775,0.29949,0.48731,3,3,2,3,0,1,0,-1,0,-0.0024969
