da9 = [1,5,0.62744,0.20595,0.34398,1,0.60115,0.56564,0.18605,0.077519,0.29457,0.03876,0.054264,0.18605,0,0,0.16279,0.28906,0.039063,0.11719,0.054688,0.16406,0.054688,0.09375,0.1875,0.56706,1.4419,0.12172,124.94,16.375,32,73,0.06059,0.99598,0.71888,0.23745,1,2,2,3,3,0,1,0,-1,0,-0.0014245
1,4,0.51849,0.31503,0.30791,1,0.51968,0.4792,0.13953,0.093023,0.43411,0.046512,0.023256,0.13953,0,0.015504,0.10853,0.26563,0.03125,0.09375,0.046875,0.27344,0.03125,0.10156,0.15625,0.48344,1.1896,0.07602,90,15.686,35,68,0.033092,0.97765,0.6648,0.1899,1,2,2,2,3,0,1,0,-1,0,-0.0042735
1,3,0.54702,0.25788,0.35619,1,0.53618,0.49441,0.20492,0.04918,0.36885,0,0.057377,0.12295,0,0,0.19672,0.32231,0.041322,0.090909,0.07438,0.17355,0.041322,0.07438,0.18182,0.49583,1.2974,0.10478,178.59,12.525,34,74,0.042269,0.93694,0.6982,0.22422,1,2,2,2,3,0,1,0,-1,0,-0.0014245
1,3,0.50909,0.0071951,0.27509,1,0.49826,0.48746,0.21374,0.083969,0.41221,0,0.053435,0.061069,0.061069,0.1145,0,0.31538,0.030769,0.1,0.038462,0.18462,0.046154,0.069231,0.21538,0.48886,1.0485,0.040796,180,21.224,36,82,0.0241,0.87838,0.31757,0.12208,1,2,2,3,3,0,1,0,-1,0,-0.0014245
1,3,0.55998,0.005255,0.35621,1,0.51397,0.43703,0.13194,0.041667,0.35417,0.076389,0.034722,0.15972,0,0.17361,0.027778,0.37063,0.048951,0.06993,0.020979,0.17483,0.027972,0.076923,0.20979,0.51678,1.3691,0.10521,180,15.729,37,89,0.051881,0.90179,0.53571,0.20444,1,2,2,3,3,1,1,0,-1,0,-0.002849
1,3,0.46685,0.23102,0.33757,1,0.59147,0.45523,0.10526,0.045113,0.39098,0.13534,0.082707,0.097744,0,0.14286,0,0.31061,0.015152,0.10606,0.030303,0.27273,0.030303,0.075758,0.15909,0.59428,1.5062,0.093384,105.64,17.619,36,83,0.052884,0.95853,0.4977,0.10652,1,2,2,2,3,0,1,0,-1,0,-0.002849
1,1,0.29634,0.29634,0.25538,1,0.67311,0.51027,0.13077,0.092308,0.35385,0.092308,0.1,0.069231,0.092308,0.069231,0,0.34884,0.031008,0.10853,0.03876,0.21705,0.023256,0.069767,0.16279,0.67588,1.4906,0.031867,144.41,18.335,43,78,0.046837,0.93583,0.12834,0.11832,1,2,2,2,3,0,1,0,-1,0,-0.002849
1,0,0,0,0.27717,1,0.5692,0.51292,0.1371,0.10484,0.33871,0.072581,0.040323,0.08871,0,0.19355,0.024194,0.33333,0.04065,0.12195,0.03252,0.22764,0.02439,0.081301,0.13821,0.51311,1.2028,0.074036,166.58,22.903,29,70,0.035284,0.95152,0.38788,0.16901,1,2,2,3,3,0,1,-1,0,-0.0010194,0
1,1,0.46015,0.46015,0.24535,1,0.53705,0.44299,0.17557,0.1145,0.29771,0.022901,0.045802,0.1145,0.053435,0.17557,0,0.39231,0.015385,0.092308,0.030769,0.17692,0.053846,0.076923,0.16154,0.53726,1.1789,0.047897,144.41,18.386,32,84,0.033975,0.96154,0.26282,0.18901,1,2,2,3,3,0,1,-1,0,-0.0010194,0
1,3,0.58854,0.24642,0.36466,1,0.54943,0.52211,0.125,0.070313,0.28906,0.09375,0.070313,0.17969,0,0.09375,0.078125,0.30709,0.03937,0.14961,0.07874,0.14173,0.031496,0.13386,0.11811,0.52235,1.3885,0.099697,180,21.334,31,78,0.06131,1,0.51046,0.23881,1,2,2,2,3,0,1,-1,0,-0.0010194,0
1,3,0.55519,0.31801,0.36637,1,0.53132,0.45584,0.1145,0.083969,0.28244,0.099237,0.061069,0.17557,0,0.15267,0.030534,0.36154,0.038462,0.1,0.053846,0.18462,0.030769,0.12308,0.10769,0.5329,1.4159,0.10739,81.855,21.241,29,84,0.065065,0.85957,0.45957,0.19826,1,2,2,2,3,0,1,-1,-1,-0.0010194,-0.0014245
1,3,0.49794,0.12108,0.33744,1,0.57075,0.4433,0.15966,0.05042,0.32773,0.084034,0.05042,0.15126,0,0.16807,0.0084034,0.33898,0.033898,0.11017,0.050847,0.20339,0.042373,0.084746,0.13559,0.57115,1.4275,0.097194,90,17.636,32,65,0.057784,0.90086,0.42241,0.20122,1,2,2,3,3,0,1,-1,0,-0.0020387,0
1,2,0.69736,0.28326,0.35242,1,0.6652,0.47547,0.136,0.056,0.36,0.088,0.04,0.168,0,0.064,0.088,0.28226,0.040323,0.12903,0.0080645,0.19355,0.040323,0.10484,0.20161,0.66801,1.6656,0.17145,180,19.956,39,71,0.075288,1,0.60305,0.1297,1,2,2,2,3,-1,1,0,-1,0,-0.002849
1,0,0,0,0.26814,1,0.48306,0.4735,0.10092,0.091743,0.3578,0.082569,0.036697,0.14679,0.073394,0.11009,0,0.37037,0.018519,0.092593,0.055556,0.17593,0.064815,0.11111,0.11111,0.48445,1.1485,0.031682,90,20.908,30,69,0.032353,0.925,0.28125,0.22248,1,2,2,3,3,1,1,0,-1,0,-0.0014245
1,1,0.71474,0.71474,0.30164,1,0.63495,0.37316,0.20561,0.14019,0.34579,0,0.0093458,0.11215,0.018692,0.16822,0,0.31132,0.028302,0.16038,0.075472,0.15094,0.037736,0.084906,0.15094,0.63542,1.5931,0.040068,90,21.792,32,66,0.058038,0.91213,0.30962,0.23457,1,2,2,3,3,1,1,-1,0,-0.0020387,0
1,2,0.56577,0.32729,0.30885,1,0.52403,0.52076,0.097561,0.081301,0.39837,0.065041,0.056911,0.12195,0,0.17886,0,0.33607,0.02459,0.07377,0.02459,0.2623,0.057377,0.065574,0.15574,0.52215,1.2615,0.025965,68.32,15.915,30,74,0.037735,1,0.39891,0.15566,1,2,2,2,3,0,1,0,-1,0,-0.0014245
1,3,0.56449,0.29295,0.19083,1,0.53674,0.4416,0.27,0.14,0.27,0,0.05,0.1,0.1,0.07,0,0.35354,0.060606,0.090909,0.060606,0.12121,0.030303,0.060606,0.22222,0.53816,1.018,0.069753,180,16.688,26,59,0.020763,0.78333,0.25,0.16667,1,2,2,2,3,0,1,0,-1,0,-0.0014245
1,0,0,0,0.31338,1,0.54149,0.44869,0.23853,0.11009,0.3211,0,0,0.14679,0,0.17431,0.0091743,0.38889,0.018519,0.083333,0.037037,0.11111,0.083333,0.10185,0.17593,0.5429,1.1481,0.13867,90,18.19,20,68,0.04054,0.81443,0.46392,0.14673,1,2,2,3,3,1,1,0,-1,0,-0.0014245
1,5,0.44149,0.25821,0.32072,1,0.5068,0.44018,0.24299,0.14953,0.33645,0,0.028037,0.093458,0.084112,0.065421,0,0.31132,0.056604,0.056604,0.037736,0.17925,0.09434,0.10377,0.16038,0.44156,1.0614,0.019608,90,18.042,21,63,0.026223,0.89017,0.26012,0.2228,1,2,2,3,3,0,1,0,-1,0,-0.0014245
1,1,0.53761,0.53761,0.30275,1,0.54675,0.50569,0.14,0.08,0.32,0.07,0.07,0.11,0,0.21,0,0.42424,0.030303,0.10101,0.050505,0.15152,0.050505,0.070707,0.12121,0.50729,1.2333,0.070762,145.06,18.171,32,54,0.037201,0.90374,0.37433,0.21041,1,2,2,2,3,0,1,-1,-1,-0.0010194,-0.0014245
1,2,0.4906,0.42931,0.34232,1,0.48739,0.46866,0.17347,0.11224,0.34694,0.061224,0.071429,0.05102,0.13265,0.05102,0,0.40206,0.051546,0.1134,0.041237,0.092784,0.13402,0.092784,0.072165,0.47304,1.1103,0.011333,180,22.333,20,60,0.030137,0.91489,0.1117,0.20102,1,2,2,3,3,1,1,-1,-1,-0.0010194,-0.0042735
1,1,0.4317,0.4317,0.34671,1,0.47724,0.40892,0.09,0.1,0.41,0.11,0.02,0.09,0,0.11,0.07,0.30303,0.050505,0.090909,0.030303,0.15152,0.11111,0.11111,0.15152,0.41032,1.0364,0.050035,180,25.045,32,60,0.02528,0.98837,0.55233,0.20282,1,2,2,2,3,0,1,0,-1,0,-0.0014245
1,3,0.55014,0.26371,0.31786,1,0.50858,0.47443,0.14583,0.09375,0.38542,0.09375,0.09375,0.052083,0.072917,0.0625,0,0.31579,0.052632,0.094737,0.063158,0.22105,0.042105,0.063158,0.14737,0.51272,1.2561,0.019773,125.59,20.843,27,48,0.035594,0.88718,0.25641,0.20501,1,2,2,2,3,0,1,0,-1,0,-0.0042735
1,3,0.56405,0.36369,0.36571,1,0.52859,0.45504,0.15686,0.10784,0.32353,0.068627,0.029412,0.13725,0,0.15686,0.019608,0.34653,0.029703,0.11881,0.039604,0.12871,0.089109,0.09901,0.14851,0.52998,1.3003,0.086569,180,19.71,24,57,0.045472,0.93506,0.41558,0.19912,1,2,2,2,3,0,1,0,-1,0,-0.0014245
1,4,0.57379,0.43102,0.26484,1,0.54355,0.5286,0.24242,0.11364,0.40152,0,0.05303,0.037879,0.10606,0.045455,0,0.35115,0.030534,0.091603,0.045802,0.19084,0.076336,0.053435,0.16031,0.52999,1.1199,0.013214,180,18.976,34,79,0.023212,0.98013,0.22517,0.11029,1,2,2,2,3,0,1,0,-1,0,-0.0014245
1,3,0.53955,0.10059,0.3021,1,0.5123,0.47264,0.13043,0.086957,0.34783,0.095652,0.043478,0.11304,0,0.18261,0,0.33333,0.035088,0.078947,0.052632,0.22807,0.035088,0.087719,0.14912,0.51369,1.2529,0.063578,160.31,19.589,28,58,0.037306,1,0.42458,0.16745,1,2,2,2,3,0,1,0,-1,0,-0.0014245
1,4,0.55325,0.012861,0.24925,1,0.54137,0.4447,0.11864,0.050847,0.38983,0.084746,0.050847,0.11017,0,0.11864,0.076271,0.33333,0.034188,0.068376,0.051282,0.23077,0.042735,0.076923,0.16239,0.54148,1.2189,0.13268,180,23.001,35,77,0.033768,0.97419,0.6129,0.15056,1,2,2,2,3,-1,1,-1,0,-0.0010194,0
1,7,0.4958,0.31892,0.31197,1,0.48325,0.46079,0.13559,0.12712,0.35593,0.09322,0.050847,0.10169,0,0.13559,0,0.2906,0.017094,0.094017,0.034188,0.1453,0.15385,0.11966,0.1453,0.461,1.1187,0.057104,180,19.343,20,66,0.031687,0.9661,0.45198,0.21921,1,2,2,3,3,1,1,-1,0,-0.0010194,0
1,2,0.3961,0.15064,0.34164,1,0.54478,0.49882,0.15385,0.11111,0.30769,0.076923,0,0.13675,0,0.19658,0.017094,0.40517,0.051724,0.094828,0.034483,0.12931,0.077586,0.077586,0.12931,0.54756,1.3111,0.10918,77.884,17.527,34,75,0.043343,0.99099,0.45946,0.19355,1,2,2,2,3,0,1,0,-1,0,-0.002849
1,1,0.55496,0.55496,0.34355,1,0.53623,0.46919,0.11905,0.11111,0.34921,0.10317,0.0079365,0.11111,0,0.1746,0.02381,0.384,0.04,0.088,0.048,0.136,0.128,0.088,0.088,0.53924,1.277,0.086702,180,19.679,36,73,0.042057,1,0.42857,0.18584,1,2,2,2,3,0,1,-1,-1,-0.0010194,-0.002849
1,3,0.48841,0.027541,0.25354,1,0.54715,0.42504,0.20388,0.12621,0.36893,0,0.07767,0.038835,0.17476,0.0097087,0,0.41176,0.029412,0.088235,0.04902,0.088235,0.10784,0.10784,0.11765,0.54851,0.99968,0.021129,90,18.923,30,64,0.017498,0.98026,0,0.13753,1,2,2,3,3,1,1,0,-1,0,-0.0014245
1,0,0,0,0.26373,1,0.47587,0.44536,0.17347,0.061224,0.26531,0.040816,0.061224,0.19388,0,0.20408,0,0.35052,0.020619,0.10309,0.072165,0.1134,0.072165,0.12371,0.14433,0.44836,1.0292,0.077104,90,19.87,25,60,0.029302,1,0.35333,0.2457,1,2,2,2,3,0,1,-1,-1,-0.0010194,-0.002849
1,1,0.49531,0.49531,0.27748,1,0.44568,0.41344,0.14423,0.086538,0.11538,0.048077,0.057692,0.31731,0,0.21154,0.019231,0.36893,0.029126,0.087379,0.07767,0.067961,0.067961,0.13592,0.16505,0.41622,1.1003,0.05436,90,17.58,25,64,0.034923,0.96491,0.4386,0.35374,1,2,2,3,3,0,1,0,-1,0,-0.002849
1,4,0.42691,0.0042735,0.30776,1,0.4321,0.40391,0.12598,0.07874,0.29921,0.070866,0.055118,0.16535,0,0.20472,0,0.33333,0.039683,0.087302,0.055556,0.19841,0.071429,0.055556,0.15873,0.40252,1.0628,0.059326,180,20.892,33,74,0.029802,0.93252,0.45399,0.26121,0.99208,2,3,3,3,1,1,0,1,0,0.0014245
1,3,0.47117,0.37002,0.36361,1,0.51722,0.40999,0.18421,0.04386,0.31579,0.0087719,0.078947,0.14912,0,0.12281,0.096491,0.30088,0.017699,0.10619,0.053097,0.14159,0.070796,0.15044,0.15929,0.41021,1.228,0.065293,180,24.124,21,65,0.042914,0.97717,0.57534,0.34803,1,2,2,3,3,0,1,-1,0,-0.0010194,0
1,4,0.41839,0.38101,0.26432,1,0.41591,0.39151,0.19828,0.086207,0.37931,0.017241,0.060345,0.094828,0,0.16379,0,0.31304,0.06087,0.06087,0.026087,0.23478,0.043478,0.095652,0.16522,0.39292,0.90028,0.046011,180,16.502,33,72,0.017738,0.95122,0.43089,0.18318,1,2,2,3,3,1,0,0,-1,0,-0.0014245
1,3,0.48189,0.2689,0.2914,1,0.5869,0.4259,0.17647,0.092437,0.27731,0.058824,0.067227,0.17647,0,0,0.15126,0.25424,0.025424,0.12712,0.059322,0.18644,0.050847,0.09322,0.20339,0.43014,1.0962,0.088094,180,18.187,35,66,0.032491,0.99367,0.68987,0.2268,1,2,2,3,3,1,1,0,-1,0,-0.0042735
1,6,0.45787,0.29707,0.40403,1,0.48982,0.39293,0.13178,0.054264,0.37209,0.085271,0.093023,0.14729,0,0,0.11628,0.20313,0.03125,0.0625,0.03125,0.29688,0.054688,0.0625,0.25781,0.39719,1.2025,0.07733,90,19.542,33,71,0.039038,0.98507,0.83582,0.2191,1,3,2,4,3,1,1,0,-1,0,-0.0042735
1,5,0.4608,0.36085,0.23597,1,0.48416,0.44083,0.16935,0.12903,0.41129,0,0,0.08871,0,0.048387,0.15323,0.26016,0.02439,0.073171,0.04065,0.25203,0.04878,0.073171,0.22764,0.44093,0.99738,0.099173,160.31,19.348,29,71,0.020323,1,0.65041,0.17426,1,2,2,2,3,0,1,-1,0,-0.0010194,0
1,4,0.54386,0.20297,0.27448,1,0.51978,0.51007,0.2381,0.10476,0.3619,0,0,0.12381,0,0.085714,0.085714,0.31731,0.028846,0.11538,0.028846,0.21154,0.057692,0.076923,0.16346,0.52004,1.1746,0.11145,180,20.415,22,64,0.033422,0.94643,0.55357,0.17352,1,2,2,3,3,1,1,-1,0,-0.0020387,0]
