daN = [2,4,0.53373,0.18313,0.64096,1,0.86847,0.17339,0.027027,0.13514,0.18018,0.072072,0.10811,0.081081,0.14414,0.16216,0.09009,0.21101,0.0091743,0.018349,0,0.37615,0,0.036697,0.34862,0.30866,1.4185,0.10084,180,13.974,76,67,0.027631,0.41781,1,0.01227,0,3,7,2,2,-1,-1,0,0,0,0
2,3,0.50562,0.002849,0.67946,1,0.8089,0.14801,0,0.175,0.1625,0.0625,0.0875,0.0875,0.1625,0.2,0.0625,0.28205,0,0,0,0.32051,0,0.064103,0.33333,0.27993,1.2717,0.082313,180,13.153,53,43,0.020221,0.49291,1,0.060606,0.006734,3,6,2,3,-1,-1,0,-1,0,-0.002849
2,3,0.30933,0.037924,0.63472,1,0.8033,0.14181,0.020619,0.12371,0.16495,0.051546,0.12371,0.092784,0.14433,0.082474,0.19588,0.18947,0,0,0,0.35789,0.010526,0.042105,0.4,0.28337,1.2735,0.096941,90,10.176,73,45,0.020731,0.4556,1,0.020548,0,2,4,2,2,-1,-1,0,1,0,0.002849
2,3,0.21136,0.16557,0.57344,1,0.75796,0.16109,0.18349,0.073394,0.13761,0.10092,0.11009,0.091743,0.11009,0.14679,0.045872,0.28037,0.0093458,0.018692,0,0.30841,0,0.028037,0.35514,0.29369,1.2701,0.091121,83.718,12.197,56,61,0.0196,0.33613,1,0.013468,0,2,4,2,2,-1,-1,0,1,0,0.002849
2,5,0.30755,0.0014245,0.58286,1,0.90905,0.23687,0.20721,0.027027,0.14414,0.11712,0.10811,0.09009,0.099099,0.054054,0.15315,0.21101,0,0,0,0.33945,0,0.036697,0.41284,0.34968,1.5369,0.10756,90,11.164,65,59,0.035425,0.22772,1,0.056452,0.0026882,2,3,2,3,0,-1,0,-1,0,-0.0014245
2,5,0.6465,0.21928,0.60678,1,0.81608,0.21426,0.057143,0.095238,0.1619,0.07619,0.10476,0.10476,0.2,0.12381,0.07619,0.25243,0,0.019417,0,0.38835,0,0.019417,0.32039,0.36816,1.5859,0.11495,180,12.864,64,51,0.033958,0.3617,1,0.059278,0,3,7,2,2,-1,-1,1,1,0.0010194,0.002849
2,3,0.57319,0.15101,0.38761,1,0.71102,0.18327,0.20168,0,0.14286,0.092437,0.092437,0.084034,0.15966,0.016807,0.21008,0,0,0.008547,0.10256,0.21368,0,0.017094,0.65812,0.33101,1.6861,0.11586,180,8.718,98,57,0.031768,0.043269,0.90385,0.03125,0,3,7,3,2,1,-1,0,0,0,0
2,5,0.53294,0.085567,0.34001,1,0.68462,0.15439,0.18045,0.0075188,0.13534,0.11278,0.090226,0.075188,0.17293,0,0.22556,0.0076336,0,0,0.091603,0.23664,0,0.053435,0.61069,0.31617,1.5125,0.10864,180,11.41,73,65,0.026387,0.023256,0.89535,0.041436,0,4,8,2,2,0,-1,0,0,0,0
2,5,0.56355,0.035627,0.42072,1,0.74067,0.20683,0.12687,0,0.17164,0.14179,0.052239,0.097015,0.16418,0.074627,0.17164,0.15152,0,0.0075758,0,0.38636,0.0075758,0.060606,0.38636,0.33159,1.5385,0.11929,76.584,9.5067,79,78,0.032424,0.13393,1,0.12336,0,3,7,2,2,0,-1,0,0,0,0
1,3,0.49585,0.22202,0.71131,1,0.79697,0.57462,0.082645,0.13223,0.1405,0.099174,0.090909,0.082645,0.090909,0.19008,0.090909,0,0,0,0,0.60833,0.016667,0.066667,0.30833,0.57462,1.3941,0.17243,180,17.802,43,71,0.10561,0,1,0.97605,0,1,2,1,2,1,1,0,0,0,0
1,1,0.0017517,0.0017517,0.75471,1,0.78201,0.53257,0.036364,0.20909,0.16364,0.072727,0.1,0.081818,0.063636,0.10909,0.16364,0,0,0.0091743,0,0.55963,0.027523,0.10092,0.30275,0.53193,1.373,0.20016,180,21.905,35,64,0.10803,0,0.99695,0.98714,0.051447,1,2,2,3,1,1,-1,0,-0.0010194,0
1,2,0.42023,0.22772,0.40669,1,0.72274,0.46599,0.1982,0,0.15315,0.09009,0.13514,0.09009,0.081081,0.009009,0.24324,0,0,0,0.018182,0.60909,0,0.063636,0.30909,0.46992,1.3563,0.23042,90,14.333,47,52,0.080095,0,0.97814,0.9441,0,1,2,2,2,1,0,0,1,0,0.0042735
1,3,0.4707,0.032779,0.37675,1,0.59719,0.47438,0.21053,0,0.18797,0.097744,0.052632,0.11278,0.097744,0.037594,0.20301,0,0,0,0.13636,0.55303,0.0075758,0.022727,0.2803,0.47438,1.3878,0.25384,180,9.7656,61,80,0.073847,0,0.89349,1,0.018692,2,2,3,2,1,1,0,0,0,0
1,2,0.30812,0.17533,0.41635,1,0.66194,0.47709,0.19565,0,0.18841,0.10145,0.086957,0.1087,0.10145,0.014493,0.2029,0,0,0.014599,0.17518,0.50365,0,0.029197,0.27737,0.47675,1.4378,0.24657,180,13.164,67,82,0.080665,0.083333,0.90625,0.95455,0,2,2,2,2,0,1,-1,0,-0.0010194,0
1,6,0.4574,0.088059,0.3332,1,0.66273,0.43922,0.22314,0,0.15702,0.10744,0.057851,0.082645,0.10744,0.016529,0.24793,0,0,0.025,0.325,0.39167,0,0.025,0.23333,0.43922,1.3198,0.17356,90,12.923,48,68,0.05142,0.26174,0.74497,0.95,0,2,2,2,2,0,1,0,0,0,0
1,3,0.43465,0.0030259,0.42549,1,0.71271,0.49808,0.26016,0,0.17073,0.10569,0.10569,0.081301,0.081301,0.03252,0.1626,0.0081967,0,0,0.20492,0.39344,0,0.057377,0.33607,0.49506,1.3741,0.27605,144.41,11.125,60,65,0.073777,0.17172,0.91919,1,0.006006,2,2,2,3,-1,1,-1,-1,-0.0010194,-0.002849
1,4,0.44998,0.24874,0.87462,1,0.85588,0.5848,0.092593,0.2037,0.092593,0.10185,0.10185,0.092593,0.083333,0.092593,0.13889,0,0,0,0,0.61682,0.0093458,0.074766,0.29907,0.5876,1.4087,0.25798,151.78,21.714,26,56,0.12878,0,1,0.99683,0.022222,1,2,1,2,1,1,1,1,0.0010194,0.002849
1,5,0.50634,0.0030259,0.54844,1,0.83921,0.61601,0.095238,0.12698,0.14286,0.095238,0.071429,0.11905,0.11905,0,0.23016,0,0,0,0,0.648,0,0.072,0.28,0.619,1.5847,0.25919,90,15.84,48,64,0.13816,0,1,1,0,1,2,1,2,0,1,1,1,0.0010194,0.002849
2,6,0.47742,0.005698,0.41141,1,0.66042,0.15243,0.13953,0.015504,0.15504,0.093023,0.093023,0.077519,0.13953,0.031008,0.25581,0.12598,0,0,0.055118,0.29134,0,0.070866,0.45669,0.29808,1.4071,0.11762,180,9.7435,103,70,0.024813,0.14894,0.94681,0.0061162,0.012232,3,5,2,3,0,-1,0,-1,0,-0.002849
2,5,0.49858,0.10297,0.45719,1,0.69115,0.15344,0.14894,0.021277,0.14894,0.085106,0.099291,0.078014,0.12057,0.028369,0.2695,0.14388,0,0.014388,0.10791,0.22302,0,0.079137,0.43165,0.2994,1.4274,0.10268,180,14.81,92,75,0.026518,0.14976,0.89372,0.015432,0,4,8,2,2,-1,-1,0,0,0,0
2,3,0.42338,0.0043934,0.56619,1,0.67386,0.1896,0.16484,0.021978,0.16484,0.087912,0.10989,0.076923,0.17582,0.010989,0.18681,0.13483,0,0,0,0.32584,0,0.044944,0.49438,0.26553,1.2103,0.090956,80.763,8.8067,67,43,0.022358,0.12963,0.99537,0.018315,0.010989,4,6,2,3,-1,-1,-1,-1,-0.0010194,-0.0042735
2,3,0.46083,0.21637,0.57044,1,0.63805,0.18619,0.17822,0.019802,0.14851,0.069307,0.10891,0.10891,0.14851,0.039604,0.17822,0.22222,0,0.010101,0,0.34343,0.010101,0.040404,0.37374,0.28486,1.2011,0.090552,180,12.277,79,56,0.022175,0.1875,1,0.046263,0,3,7,2,2,-1,-1,0,1,0,0.002849
2,3,0.40445,0.0043934,0.53795,1,0.64229,0.18051,0.17699,0.0088496,0.10619,0.12389,0.11504,0.079646,0.13274,0.061947,0.19469,0.18919,0,0,0,0.26126,0,0.045045,0.5045,0.26754,1.1927,0.086953,180,11.111,74,66,0.0221,0.17674,1,0.055944,0.01049,2,3,2,3,-1,-1,1,-1,0.0010194,-0.0014245
2,3,0.4402,0.0071225,0.56356,1,0.56908,0.17908,0.15323,0.032258,0.17742,0.072581,0.1129,0.072581,0.1371,0,0.24194,0.18033,0,0,0.0081967,0.31148,0,0.04918,0.45082,0.27492,1.1761,0.095927,180,10.564,90,83,0.021224,0.1814,1,0.032967,0.018315,3,5,3,3,0,-1,0,-1,0,-0.0042735
2,1,0.63664,0.63664,0.46782,1,0.91588,0.21215,0.1831,0.049296,0.16197,0.070423,0.10563,0.084507,0.11972,0.035211,0.19014,0.21429,0,0,0,0.35714,0,0.028571,0.4,0.38244,1.8276,0.14161,180,8.1943,115,93,0.040481,0.22963,1,0,0.0072639,3,7,2,2,0,-1,0,1,0,0.002849
2,0,0,0,0.50058,1,0.97545,0.21409,0.13699,0.054795,0.13699,0.09589,0.082192,0.09589,0.15068,0,0.24658,0.20833,0,0.013889,0.069444,0.22222,0,0.027778,0.45833,0.41333,1.8273,0.15037,90,9.8884,122,82,0.037926,0.24832,0.95302,0.011737,0.0023474,3,5,3,2,0,-1,0,1,0,0.002849
2,3,0.66775,0.36101,0.5767,1,1.0047,0.31387,0.15517,0,0.16379,0.12931,0.060345,0.10345,0.18103,0.13793,0.068966,0.087719,0,0,0,0.36842,0,0.026316,0.51754,0.418,1.6337,0.13626,180,9.7106,77,55,0.046543,0.073171,1,0.088452,0,3,7,2,2,0,-1,0,1,0,0.0014245
2,2,0.1361,0.0057885,0.67118,1,0.97298,0.2937,0.16667,0.03125,0.1875,0.11458,0.0625,0.072917,0.13542,0.083333,0.14583,0.2766,0.010638,0.010638,0,0.28723,0.010638,0.042553,0.3617,0.45828,1.843,0.14645,180,14.294,55,49,0.049296,0.29167,1,0.02069,0.0091954,2,3,2,3,0,-1,1,-1,0.0010194,-0.0014245
2,2,0.73689,0.50565,0.719,1,0.96153,0.31469,0.15044,0.035398,0.14159,0.079646,0.10619,0.097345,0.16814,0.088496,0.13274,0.25225,0,0.009009,0,0.31532,0,0.09009,0.33333,0.44952,1.7357,0.14577,144.41,13.65,75,65,0.051184,0.26777,1,0.040476,0,3,7,2,2,-1,-1,1,1,0.0010194,0.002849
1,2,0.46106,0.21295,0.85771,1,1.0997,0.77865,0.06087,0.15652,0.17391,0.069565,0.086957,0.086957,0.069565,0.095652,0.2,0,0,0,0,0.58772,0.0087719,0.11404,0.28947,0.7776,1.88,0.28213,169.86,22.808,42,68,0.23937,0,1,1,0.056075,1,2,1,3,1,1,0,-1,0,-0.0014245
1,3,0.33199,0.0042735,0.65142,1,0.93302,0.71814,0.15702,0.057851,0.1405,0.066116,0.1157,0.090909,0.090909,0.099174,0.18182,0,0,0,0,0.56667,0,0.075,0.35833,0.71582,1.9417,0.30222,180,17.416,41,68,0.21102,0,1,0.96637,0.047085,1,2,1,3,1,1,0,-1,0,-0.002849
1,3,0.20249,0.0066514,0.50041,1,0.83401,0.59713,0.25862,0,0.18966,0.10345,0.068966,0.094828,0.051724,0.034483,0.19828,0,0,0.0086957,0.10435,0.57391,0,0.026087,0.28696,0.59839,1.7801,0.31076,151.78,12.406,56,65,0.16049,0.010239,0.93174,0.89021,0,3,2,4,2,1,1,0,1,0,0.0014245
1,4,0.56696,0.0014245,0.46116,1,0.84511,0.60054,0.1913,0.017391,0.15652,0.086957,0.086957,0.095652,0.10435,0,0.26087,0,0,0.0087719,0.061404,0.57018,0,0.035088,0.32456,0.59926,1.7505,0.29757,166.58,14.775,66,67,0.14864,0,0.98851,0.95062,0.017284,3,2,3,3,0,1,0,-1,0,-0.0014245
1,2,0.56728,0.0042735,0.48182,1,0.83248,0.63023,0.2268,0.020619,0.16495,0.072165,0.061856,0.082474,0.092784,0.010309,0.26804,0,0,0,0.041667,0.5625,0.010417,0.03125,0.35417,0.62766,1.7431,0.31834,180,14.633,50,60,0.14729,0,1,0.99501,0.0074813,3,2,3,3,1,1,0,-1,0,-0.002849
1,3,0.50561,0.2461,0.62715,1,0.83784,0.57942,0.16964,0.026786,0.16071,0.071429,0.11607,0.11607,0.0625,0.017857,0.25893,0,0,0,0,0.61261,0,0.045045,0.34234,0.57704,1.5079,0.25954,160.31,16.239,36,65,0.13977,0,1,0.95506,0.005618,1,2,1,3,1,1,0,-1,0,-0.002849
1,3,0.58726,0.28075,0.46324,1,0.72583,0.58666,0.18621,0,0.13103,0.10345,0.11724,0.089655,0.10345,0.02069,0.24828,0,0,0.0069444,0.16667,0.41667,0.0069444,0.048611,0.35417,0.58932,1.7302,0.29888,144.41,13.614,66,85,0.1333,0.042802,0.85214,1,0.027708,2,2,3,2,1,1,0,1,0,0.002849
1,3,0.51905,0.19954,0.36959,1,0.68734,0.51821,0.12844,0,0.19266,0.13761,0.082569,0.10092,0.091743,0.055046,0.21101,0,0,0.0092593,0.2037,0.44444,0.0092593,0.037037,0.2963,0.51821,1.3902,0.23554,180,13.291,46,59,0.089185,0,0.83511,0.95055,0,2,2,3,2,1,1,0,0,0,0
1,6,0.53573,0.0042735,0.42294,1,0.79646,0.55679,0.23853,0.0091743,0.17431,0.06422,0.10092,0.082569,0.082569,0.0091743,0.23853,0,0,0,0.12037,0.5,0,0.046296,0.33333,0.55547,1.593,0.2923,180,16.679,48,54,0.11777,0,0.91964,0.96042,0.0079156,2,2,2,3,1,1,0,-1,0,-0.0014245
1,6,0.29301,0.012821,0.4674,1,0.85733,0.6067,0.21053,0,0.18797,0.090226,0.090226,0.082707,0.10526,0.015038,0.21805,0,0,0,0.13636,0.53788,0.0075758,0.075758,0.24242,0.60801,1.6351,0.31345,68.678,13.143,60,69,0.12456,0.093023,0.96899,1,0,2,2,3,2,1,1,0,1,0,0.0014245
1,5,0.51005,0.096866,0.5085,1,0.79973,0.52452,0.24576,0,0.11017,0.067797,0.076271,0.11017,0.084746,0.042373,0.26271,0,0,0,0.11966,0.52991,0,0.059829,0.2906,0.52576,1.6245,0.26083,70.313,9.8561,50,67,0.13283,0,0.93455,0.90181,0.074935,2,2,3,2,1,1,0,1,0,0.0014245]
