da4 = [2,1,0,0,0.48572,1,0.55251,0.36303,0.07619,0.17143,0,0.28571,0.19048,0.11429,0,0.1619,0,0.46602,0,0.067961,0,0.0097087,0.12621,0.20388,0.12621,0.44175,1.1735,0.12634,90,13.614,72,72,0.024545,0.39695,0.4542,0.041451,1,3,5,2,2,0,-1,0,0,0,0
2,2,0.38613,0.17817,0.47858,1,0.44621,0.37156,0.050505,0.14141,0.050505,0.23232,0.20202,0.14141,0.060606,0.12121,0,0.35052,0,0.010309,0,0.020619,0.10309,0.28866,0.2268,0.37133,0.98049,0.10296,90,6.6844,85,54,0.017528,0.5,0.61905,0.0095541,1,3,5,2,2,-1,-1,0,-1,0,-0.0014245
2,0,0,0,0.45114,1,0.45809,0.39967,0.057471,0.08046,0.045977,0.16092,0.091954,0,0.10345,0.27586,0.18391,0.43529,0,0.023529,0,0,0,0.32941,0.21176,0.37521,0.94776,0.11494,90,5.9086,75,43,0.018898,0.4532,0.58621,0,1,3,2,2,2,-1,-1,0,-1,0,-0.0014245
2,1,0.3321,0.3321,0.53025,1,0.44148,0.25804,0,0.175,0.025,0.1375,0.15,0,0.2625,0.1375,0.1125,0.5641,0.012821,0.051282,0,0.025641,0.025641,0.17949,0.14103,0.3625,0.99361,0.073241,90,18.475,22,41,0.019706,0.65487,0.30088,0.1082,1,3,5,2,2,-1,-1,0,-1,0,-0.002849
2,1,0.0017517,0.0017517,0.38517,1,0.52107,0.24566,0,0.13333,0.1,0.22222,0.2,0.1,0.24444,0,0,0.60227,0.011364,0.056818,0,0.022727,0.079545,0.14773,0.079545,0.37819,0.99359,0.033032,90,16.61,37,48,0.015357,0.6,0.094737,0.17564,0.99717,3,7,2,2,-1,-1,0,1,0,0.0014245
2,5,0.36045,0.0014245,0.44504,1,0.40529,0.29056,0.051282,0.19231,0,0.28205,0.17949,0.11538,0,0.17949,0,0.39474,0,0.026316,0,0.052632,0.052632,0.21053,0.26316,0.30241,0.76492,0.063176,180,13.824,29,40,0.010327,0.38636,0.35795,0.18728,0.99647,3,7,2,2,-1,-1,0,1,0,0.0014245
2,1,0.22257,0.22257,0.54895,1,0.5202,0.35708,0.053571,0.1875,0,0.25893,0.1875,0.14286,0.026786,0.14286,0,0.41818,0,0.018182,0,0,0.027273,0.29091,0.24545,0.44496,1.1841,0.13048,90,6.984,89,56,0.0286,0.47857,0.53214,0,1,4,5,4,3,-1,-1,-1,0,-0.0010194,0
2,4,0.34099,0.22238,0.54287,1,0.45302,0.44589,0.091837,0.061224,0.061224,0.31633,0.2449,0.091837,0,0.13265,0,0.51042,0,0,0,0.0625,0.03125,0.33333,0.0625,0.36727,0.98263,0.10395,54.413,6.4173,75,45,0.017521,0.44215,0.42149,0,1,3,3,2,3,-1,-1,0,-1,0,-0.0014245
2,1,0.35981,0.35981,0.57524,1,0.4461,0.31551,0.021505,0.096774,0.086022,0.30108,0.10753,0,0.043011,0.21505,0.12903,0.50549,0.010989,0.021978,0,0.010989,0.054945,0.31868,0.076923,0.38512,1.0259,0.11373,90,9.6696,57,59,0.021674,0.568,0.32,0,1,3,3,2,3,-1,-1,0,-1,0,-0.0014245
2,2,0.29793,0.16117,0.53537,1,0.38783,0.3404,0.0092593,0.10185,0.074074,0.33333,0.17593,0.14815,0.018519,0.13889,0,0.48113,0.009434,0.037736,0,0.028302,0.056604,0.28302,0.10377,0.31848,0.86683,0.085753,84.163,12.02,81,59,0.014514,0.5297,0.44554,0.059259,1,3,5,2,3,-1,-1,0,-1,0,-0.002849
2,3,0.43079,0.18314,0.53893,1,0.46732,0.29618,0.009434,0.09434,0.09434,0.29245,0.11321,0,0.018868,0.23585,0.14151,0.49038,0,0.048077,0,0.038462,0.019231,0.32692,0.076923,0.39898,1.0517,0.10786,90,11.704,62,52,0.021869,0.57676,0.38589,0.028125,1,3,3,2,3,-1,-1,-1,0,-0.0020387,0
2,2,0.37346,0.26397,0.48717,1,0.50455,0.33197,0,0.1,0.12,0.13,0.07,0.03,0.16,0.23,0.16,0.47959,0,0,0,0.020408,0.091837,0.2551,0.15306,0.41793,1.1135,0.11425,90,9.4259,51,61,0.024725,0.61826,0.51037,0.070621,1,3,5,2,2,-1,-1,0,-1,0,-0.002849
2,0,0,0,0.59673,1,0.42434,0.28435,0.032967,0.10989,0.021978,0.31868,0.21978,0.13187,0,0.16484,0,0.52809,0,0.033708,0,0,0.044944,0.32584,0.067416,0.35451,0.95201,0.098654,90,10.758,57,51,0.019076,0.47561,0.40244,0.044068,1,3,5,2,2,-1,-1,-1,-1,-0.0010194,-0.0014245
2,0,0,0,0.53821,1,0.51551,0.40236,0,0.086538,0.096154,0.076923,0.057692,0.076923,0.13462,0.30769,0.16346,0.51961,0.019608,0.0098039,0,0.019608,0.12745,0.16667,0.13725,0.42739,1.2246,0.12374,90,9.3168,61,69,0.028948,0.76779,0.59176,0.033803,1,3,5,2,2,-1,-1,0,-1,0,-0.0014245
2,3,0.29519,0.0014245,0.50921,1,0.5282,0.41907,0,0.11765,0.11765,0.27451,0,0.14706,0.04902,0.078431,0.21569,0.42,0,0.02,0,0.03,0.02,0.29,0.22,0.44806,1.1809,0.13456,90,6.7393,76,52,0.027716,0.56818,0.68182,0.013477,1,3,3,2,3,-1,-1,0,-1,0,-0.0014245
2,1,0.2355,0.2355,0.5818,1,0.50041,0.39554,0.0093458,0.093458,0.074766,0.14953,0,0.084112,0.16822,0.11215,0.30841,0.50476,0,0.019048,0,0,0.038095,0.28571,0.15238,0.44465,1.1952,0.14566,180,8.5118,73,68,0.031847,0.51916,0.66551,0,1,3,5,2,2,-1,-1,0,-1,0,-0.0042735
2,1,0.30754,0.30754,0.45894,1,0.46443,0.4225,0,0.15455,0.072727,0.29091,0.14545,0.13636,0,0.2,0,0.32407,0.0092593,0.027778,0,0.018519,0.037037,0.2037,0.37963,0.37803,1.0074,0.11491,90,8.9259,71,65,0.017579,0.61137,0.62559,0.048632,1,4,5,4,2,-1,-1,0,-1,0,-0.0042735
2,0,0,0,0.60077,1,0.49757,0.34134,0,0.2381,0,0.14286,0.10476,0,0.12381,0.27619,0.11429,0.51456,0,0.029126,0,0,0.058252,0.24272,0.15534,0.43291,1.1983,0.12382,98.145,8.5953,57,65,0.030758,0.5802,0.49488,0.0057307,1,3,5,2,2,-1,-1,0,-1,0,-0.0014245
2,2,0.27873,0.22168,0.50947,1,0.52424,0.39122,0.028302,0.075472,0.075472,0.17925,0.066038,0.037736,0.10377,0.27358,0.16038,0.51923,0.0096154,0.048077,0,0.0096154,0.048077,0.26923,0.096154,0.42447,1.1418,0.14027,180,11.5,72,52,0.028763,0.51145,0.48473,0,1,3,5,3,2,-1,-1,-1,0,-0.0020387,0
2,1,0.28318,0.28318,0.54948,1,0.47756,0.31145,0.020408,0.14286,0.020408,0.29592,0.20408,0.12245,0,0.19388,0,0.5,0.010417,0.010417,0,0.010417,0.052083,0.26042,0.15625,0.40005,1.0891,0.12264,90,9.7483,61,57,0.024218,0.56202,0.49225,0,1,3,3,2,3,-1,-1,0,-1,0,-0.0014245
2,1,0.19334,0.19334,0.66249,1,0.39563,0.35905,0,0.086538,0.14423,0.10577,0.16346,0.23077,0.125,0.028846,0.11538,0.2549,0.058824,0.04902,0,0.029412,0.14706,0.16667,0.29412,0.29698,0.93694,0.086186,125.59,9.3913,90,55,0.017947,0.68776,0.67089,0,1,3,5,2,2,0,-1,0,-1,0,-0.0042735
2,1,0.26207,0.26207,0.80382,1,0.41377,0.36686,0,0.067308,0.17308,0.096154,0.048077,0.10577,0.11538,0.096154,0.29808,0.36275,0.068627,0.058824,0,0,0.04902,0.2549,0.20588,0.35341,1.1545,0.099471,125.59,11.065,69,57,0.028649,0.79573,0.69512,0.017123,1,4,5,2,2,-1,-1,0,-1,0,-0.002849
2,3,0.41312,0.17067,0.50028,1,0.48293,0.37354,0,0.21622,0,0.11712,0.13514,0,0.17117,0.26126,0.099099,0.2844,0,0.0091743,0,0.027523,0.11927,0.17431,0.38532,0.40965,1.1054,0.1224,90,7.1496,63,64,0.025907,0.51477,0.49789,0,1,5,5,4,2,0,-1,1,0,0.0010194,0
2,2,0.15847,0.13316,0.47706,1,0.44357,0.42973,0.055556,0.15741,0,0.14815,0.12037,0,0.14815,0.22222,0.14815,0.24528,0,0.018868,0,0.009434,0.075472,0.17925,0.4717,0.38624,1.0013,0.1142,180,11.105,67,66,0.021101,0.35644,0.64356,0.013201,1,4,5,3,2,0,-1,1,0,0.0020387,0
2,2,0.17156,0.17025,0.54367,1,0.44377,0.4174,0.053191,0.11702,0,0.11702,0.095745,0,0.21277,0.2766,0.12766,0.27174,0,0.021739,0,0.043478,0.15217,0.11957,0.3913,0.38511,1.047,0.12713,90,10.479,71,35,0.022707,0.39744,0.63675,0,1,3,5,2,2,-1,-1,0,-1,0,-0.002849
2,1,0.079935,0.079935,0.44819,1,0.54196,0.4142,0.047619,0.14286,0,0.1619,0.10476,0,0.17143,0.24762,0.12381,0.26214,0,0.019417,0,0.0097087,0.048544,0.25243,0.40777,0.47735,1.199,0.14034,90,9.0909,69,63,0.028249,0.39916,0.65126,0.036842,1,4,3,3,3,-1,-1,1,0,0.0020387,0
2,0,0,0,0.61781,1,0.45738,0.36564,0.03,0.17,0,0.19,0.1,0,0.12,0.28,0.11,0.40816,0,0.020408,0,0,0.05102,0.26531,0.2551,0.39033,1.0734,0.12213,90,9.4507,61,60,0.026433,0.5036,0.46763,0,1,3,5,2,2,-1,-1,0,-1,0,-0.0014245
2,0,0,0,0.47173,1,0.50896,0.35937,0.052083,0.15625,0,0.28125,0.22917,0.10417,0,0.17708,0,0.29787,0,0.031915,0,0,0.042553,0.2766,0.35106,0.42935,1.1109,0.1261,90,8.6147,67,51,0.023534,0.46186,0.35593,0.0055866,1,3,5,2,2,-1,-1,0,-1,0,-0.0014245
2,2,0.42248,0.15329,0.44674,1,0.50197,0.38943,0,0.20183,0,0.11009,0.11927,0,0.19266,0.24771,0.12844,0.37383,0,0.037383,0,0.0093458,0.11215,0.2243,0.24299,0.43369,1.1462,0.11257,180,10.467,76,61,0.023732,0.63801,0.51131,0.048023,1,4,5,2,2,-1,-1,0,-1,0,-0.002849
2,0,0,0,0.55285,1,0.42314,0.38821,0,0.10891,0.10891,0.16832,0,0.11881,0.14851,0.09901,0.24752,0.34343,0.010101,0.030303,0,0.010101,0.070707,0.20202,0.33333,0.36076,0.99203,0.10547,109.69,10.088,69,48,0.019114,0.57143,0.70563,0.033445,1,4,3,3,3,-1,-1,0,-1,0,-0.002849
2,0,0,0,0.52067,1,0.42538,0.38051,0.019417,0.17476,0,0.15534,0.097087,0,0.19417,0.25243,0.1068,0.48515,0,0.019802,0,0.009901,0.049505,0.23762,0.19802,0.34818,0.91872,0.10669,90,10.311,74,72,0.017127,0.48768,0.4335,0.035842,1,3,3,2,3,-1,-1,0,-1,0,-0.002849
2,1,0.26483,0.26483,0.56151,1,0.40687,0.37675,0,0.081633,0.071429,0.15306,0.030612,0.10204,0.15306,0.2551,0.15306,0.5,0.010417,0.03125,0,0.010417,0.052083,0.26042,0.13542,0.33523,0.92432,0.10442,90,9.5619,60,53,0.01861,0.62791,0.60465,0,1,3,3,2,3,-1,-1,-1,0,-0.0010194,0
2,0,0,0,0.54664,1,0.40751,0.36589,0,0.12,0.07,0.12,0,0.09,0.19,0.29,0.12,0.45918,0.020408,0.030612,0,0.020408,0,0.30612,0.16327,0.35717,0.96428,0.12117,90,11.097,75,50,0.021739,0.60909,0.56818,0,1,4,5,2,2,-1,-1,0,-1,0,-0.002849
2,0,0,0,0.54637,1,0.42038,0.40998,0.010309,0.10309,0.092784,0.27835,0.20619,0.15464,0,0.15464,0,0.43158,0.010526,0.031579,0,0,0.063158,0.24211,0.22105,0.35163,0.95995,0.11274,90,11.548,62,55,0.019136,0.52212,0.5708,0,1,3,5,2,2,0,-1,0,-1,0,-0.0014245
2,1,0.30011,0.30011,0.6055,1,0.70024,0.50605,0,0.14815,0,0.15556,0.14074,0,0.18519,0.26667,0.1037,0.3609,0.0075188,0.045113,0,0.0075188,0.052632,0.27068,0.25564,0.5744,1.6088,0.15342,67.172,10.174,99,79,0.048136,0.51435,0.52632,0.14777,1,3,3,2,3,0,-1,0,-1,0,-0.0042735
2,1,0.31836,0.31836,0.65671,1,0.56744,0.50904,0,0.10294,0.080882,0.16176,0,0.13971,0.15441,0.21324,0.14706,0.34328,0.014925,0.029851,0,0.022388,0.037313,0.27612,0.27612,0.49442,1.4151,0.1502,90,10.303,93,75,0.043251,0.59783,0.64946,0.012469,1,3,5,2,3,-1,-1,0,-1,0,-0.0042735
2,3,0.53014,0.0042735,0.48412,1,0.6742,0.50442,0.02963,0.11111,0,0.14074,0.11852,0,0.14815,0.2963,0.15556,0.30075,0.0075188,0.022556,0,0.037594,0.10526,0.21805,0.30827,0.55687,1.464,0.16765,180,10.818,90,67,0.03883,0.36875,0.575,0.090909,0.99366,3,7,2,2,0,-1,0,1,0,0.0042735
2,1,0.30594,0.30594,0.5185,1,0.57261,0.4493,0.082569,0.20183,0.0091743,0.20183,0.091743,0.10092,0.045872,0.22936,0.036697,0.52336,0,0.018692,0,0.0093458,0.037383,0.28037,0.13084,0.4895,1.2842,0.13967,90,7.7621,77,58,0.033912,0.50342,0.36986,0,1,3,5,2,2,-1,-1,0,-1,0,-0.002849
2,2,0.30506,0.23764,0.4674,1,0.56032,0.38344,0.007874,0.12598,0.11024,0.14173,0,0.11811,0.11811,0.1811,0.19685,0.496,0,0.024,0,0.008,0.04,0.272,0.16,0.47848,1.2414,0.14805,125.59,9.0617,81,68,0.030088,0.53488,0.61628,0,1,3,3,2,3,-1,-1,-1,-1,-0.0020387,-0.002849
2,2,0.55286,0.24147,0.45327,1,0.56984,0.43474,0.0078125,0.10938,0.09375,0.14844,0,0.125,0.13281,0.13281,0.25,0.45238,0.015873,0.02381,0,0.0079365,0.02381,0.22222,0.25397,0.49354,1.2613,0.16039,180,11.417,61,77,0.032565,0.49606,0.64173,0,1,3,5,2,2,0,-1,-1,-1,-0.0020387,-0.002849]
