daM = [1,2,0.65308,0.48946,0.81031,1,0.76048,0.48662,0.2,0,0.2,0.11111,0.081481,0.096296,0.037037,0.17778,0.096296,0,0,0,0,0.46269,0.0074627,0.074627,0.45522,0.48698,2.1041,0.21508,180,19.759,51,75,0.26201,0,1,0.78676,1,1,2,1,3,1,1,0,-1,0,-0.0014245
1,4,0.54471,0.091378,0.99521,1,0.75043,0.55553,0.144,0.056,0.2,0.08,0.104,0.08,0.072,0.144,0.12,0,0,0.0080645,0,0.48387,0.016129,0.048387,0.44355,0.55333,2.0859,0.27183,144.41,19.598,33,62,0.30339,0,0.9963,0.87404,0.99229,1,3,2,3,1,1,-1,1,-0.0020387,0.0014245
1,4,0.5687,0.26344,0.84259,1,0.71126,0.42656,0.15079,0.015873,0.1746,0.12698,0.095238,0.079365,0.063492,0.1746,0.11905,0,0,0,0,0.488,0.008,0.024,0.48,0.4265,1.9261,0.26172,180,14.89,57,73,0.19229,0,1,1,0.96338,1,2,1,3,1,1,0,-1,0,-0.0014245
1,3,0.59297,0.34222,1.0655,1,0.7242,0.61846,0.14388,0.035971,0.18705,0.10791,0.15827,0.064748,0.057554,0.11511,0.1295,0,0,0,0,0.46377,0.0072464,0.057971,0.47101,0.61861,2.1054,0.30173,123.09,19.058,41,75,0.32658,0,1,0.94349,1,1,2,1,3,1,1,0,-1,0,-0.002849
1,3,0.60035,0.4958,0.99687,1,0.80598,0.49332,0.16923,0,0.20769,0.1,0.092308,0.1,0.053846,0.15385,0.12308,0,0,0,0,0.48837,0,0.062016,0.44961,0.49345,1.9028,0.22522,90,19.791,43,69,0.23265,0,1,0.90751,1,1,2,1,3,0,1,0,-1,0,-0.0014245
1,6,0.58599,0.43244,1.0176,1,0.67641,0.51192,0.18919,0,0.15541,0.074324,0.094595,0.13514,0.067568,0.14865,0.13514,0,0,0,0,0.51701,0.020408,0.07483,0.38776,0.51196,1.9409,0.2945,90,21.191,36,79,0.2573,0,1,0.96884,1,1,2,1,3,1,1,0,-1,0,-0.0014245
1,3,0.49147,0.17897,0.92898,1,0.65775,0.43835,0.18116,0.07971,0.12319,0.11594,0.13043,0.072464,0.07971,0.1087,0.1087,0,0,0,0,0.52555,0.0072993,0.065693,0.40146,0.43935,1.717,0.267,180,17.836,49,75,0.18925,0,1,1,0.99699,1,2,1,3,1,1,1,-1,0.0010194,-0.002849
1,2,0.48798,0.44985,0.78462,1,0.55291,0.34796,0.13924,0.12658,0.025316,0.12658,0.082278,0.056962,0.13924,0.21519,0.088608,0,0,0,0,0.54777,0.0063694,0.050955,0.3949,0.34784,1.7066,0.20301,180,16.902,59,107,0.15265,0,1,1,0.97106,1,2,1,3,1,1,0,-1,0,-0.002849
1,2,0.49648,0.45668,0.79242,1,0.5758,0.36945,0.16197,0.16197,0.035211,0.12676,0.098592,0.056338,0.10563,0.1338,0.11972,0.0070922,0,0,0,0.51773,0.0070922,0.085106,0.38298,0.36717,1.7073,0.25103,180,20.743,42,90,0.15705,0,0.99446,1,0.93558,1,2,2,3,1,1,-1,-1,-0.0020387,-0.002849
1,2,0.52002,0.35535,0.83925,1,0.62161,0.42329,0.15646,0.054422,0.12925,0.13605,0.10204,0.068027,0.054422,0.18367,0.11565,0,0,0.0068493,0,0.50685,0,0.047945,0.43836,0.42227,1.8923,0.25116,180,16.149,51,96,0.19585,0,0.99758,0.93484,1,1,2,2,3,1,1,-1,0,-0.0010194,0
1,6,0.60235,0.4068,0.90182,1,0.62157,0.43833,0.1958,0.083916,0.090909,0.13986,0.062937,0.083916,0.1049,0.083916,0.15385,0.0070423,0,0.0070423,0,0.47887,0,0.028169,0.47887,0.43752,1.8746,0.26907,160.31,14.065,59,78,0.17462,0,0.99304,0.93275,1,1,2,2,3,1,1,-1,-1,-0.0010194,-0.002849
1,10,0.56262,0.0030581,0.70418,1,0.61708,0.37925,0.16084,0.027972,0.15385,0.13986,0.048951,0.083916,0.13986,0.13986,0.1049,0,0,0.014085,0.014085,0.46479,0.0070423,0.014085,0.48592,0.37723,1.992,0.26669,180,12.144,54,79,0.15825,0,0.99189,1,0.90957,2,2,3,3,1,1,-1,0,-0.0020387,0
1,4,0.5318,0.15881,0.66956,1,0.63555,0.32863,0.15833,0,0.19167,0.10833,0.091667,0.075,0.1,0.16667,0.10833,0,0,0,0.0084034,0.4958,0,0.033613,0.46218,0.32846,1.8004,0.24704,180,16.239,46,56,0.1449,0,1,1,0.92105,2,2,2,3,1,1,0,-1,0,-0.0014245
1,5,0.69485,0.12419,0.70381,1,0.68709,0.42611,0.17361,0.020833,0.13889,0.11111,0.125,0.069444,0.083333,0.14583,0.13194,0,0,0,0,0.48951,0.006993,0.048951,0.45455,0.4261,2.3433,0.3334,180,18.566,56,67,0.24368,0,1,1,0.99765,1,2,1,3,1,1,0,-1,0,-0.0014245
1,5,0.66488,0.23079,0.70058,1,0.74397,0.42509,0.17361,0,0.18056,0.076389,0.090278,0.090278,0.0625,0.19444,0.13194,0.006993,0,0.013986,0,0.45455,0.006993,0.048951,0.46853,0.42101,2.4181,0.31004,180,16.922,55,85,0.26304,0,0.98333,0.95338,0.94872,1,2,2,3,1,1,-1,0,-0.0040775,0
1,4,0.52125,0.21259,0.70341,1,0.63793,0.41399,0.19469,0,0.17699,0.097345,0.10619,0.079646,0.088496,0.15044,0.10619,0,0,0,0,0.50893,0,0.035714,0.45536,0.41466,2.1241,0.32131,169.86,17.895,33,62,0.21358,0,1,1,0.91727,1,2,1,3,1,1,1,-1,0.0010194,-0.002849
1,4,0.40766,0.32358,0.78517,1,0.65211,0.40398,0.14167,0.0083333,0.16667,0.083333,0.125,0.11667,0.091667,0.14167,0.125,0,0,0,0,0.51261,0.016807,0.016807,0.45378,0.40387,1.8288,0.26122,144.41,15.387,45,71,0.18477,0,1,1,0.93889,1,2,1,3,1,1,0,-1,0,-0.0014245
1,2,0.45238,0.38734,0.72125,1,0.70859,0.39612,0.21818,0,0.19091,0.081818,0.14545,0.063636,0.081818,0.11818,0.1,0,0,0,0,0.55046,0.0091743,0.018349,0.42202,0.39565,1.935,0.29553,160.31,15.679,40,59,0.18879,0,1,1,0.88158,1,2,1,3,1,1,0,-1,0,-0.002849
1,1,0.58088,0.58088,0.7955,1,0.70219,0.45748,0.16964,0,0.17857,0.0625,0.13393,0.071429,0.071429,0.16964,0.14286,0,0,0,0,0.38739,0.018018,0.081081,0.51351,0.45756,2.212,0.28956,180,19.702,49,72,0.25097,0,1,0.95037,1,1,2,1,3,1,1,0,-1,0,-0.0014245
1,3,0.51952,0.18735,0.70625,1,0.65222,0.38506,0.18349,0,0.22018,0.036697,0.06422,0.12844,0.091743,0.15596,0.11927,0,0,0,0,0.48148,0.018519,0.055556,0.44444,0.38591,2.1094,0.28769,114.98,16.191,45,56,0.20142,0,1,1,0.96084,1,2,1,3,1,1,1,-1,0.0010194,-0.002849
2,2,0.3671,0.085084,0.80729,1,0.6136,0.54067,0.11966,0,0.19658,0.068376,0.11111,0.076923,0.13675,0.17094,0.11966,0.13043,0,0.0086957,0,0.2087,0,0.10435,0.54783,0.48744,1.8648,0.10863,144.41,14.446,89,64,0.064136,0.17778,1,0.13649,0.98329,3,6,2,3,0,-1,0,-1,0,-0.0014245
2,5,0.45345,0.20082,0.77961,1,0.62302,0.5264,0.091667,0.016667,0.11667,0.15833,0.058333,0.066667,0.20833,0.15833,0.125,0,0,0,0,0.25424,0,0.050847,0.69492,0.45372,1.7383,0.094877,180,12.037,98,56,0.059962,0.01173,1,0.10543,1,2,5,2,3,0,-1,0,0,0,0
2,5,0.41026,0,0.65465,1,0.58616,0.50278,0.12037,0,0.15741,0.13889,0.037037,0.083333,0.14815,0.18519,0.12963,0.09434,0,0.009434,0,0.27358,0,0.04717,0.57547,0.45946,1.8036,0.11631,90,9.5056,69,52,0.056927,0.055172,1,0.0347,0.98423,3,6,3,3,0,-1,0,0,0,0
2,2,0.4537,0.2295,0.91199,1,0.62093,0.48597,0.075472,0.028302,0.16038,0.13208,0.084906,0.075472,0.10377,0.20755,0.13208,0.16346,0,0.0096154,0,0.24038,0.019231,0.038462,0.52885,0.43607,1.7112,0.087949,90,10.454,90,54,0.053712,0.23762,1,0.16088,0.98738,2,3,2,3,-1,-1,1,-1,0.0010194,-0.0014245
2,5,0.42621,0.15121,0.62326,1,0.50699,0.43205,0.15574,0.13115,0.04918,0.14754,0.02459,0.057377,0.10656,0.20492,0.12295,0.0083333,0,0.0083333,0,0.20833,0,0.083333,0.69167,0.40282,1.4814,0.076935,180,11.905,103,71,0.033055,0.0082305,1,0.014337,1,3,6,3,3,0,-1,1,-1,0.0010194,-0.0014245
2,4,0.46777,0.28205,0.70004,1,0.56489,0.51699,0.13281,0.0625,0.14844,0.125,0.046875,0.070313,0.13281,0.16406,0.11719,0,0,0,0,0.2619,0,0.063492,0.6746,0.46372,1.7285,0.1039,180,12.16,91,72,0.05367,0.034921,1,0.034161,1,2,5,2,3,0,-1,1,-1,0.0010194,-0.0014245
2,1,0.25766,0.25766,0.82103,1,0.53318,0.51447,0.15385,0.008547,0.1453,0.16239,0.051282,0.059829,0.11966,0.1453,0.15385,0.2087,0,0.034783,0,0.18261,0.0086957,0.026087,0.53913,0.45236,1.6791,0.10128,160.31,13.8,83,63,0.057862,0.18306,0.9918,0.081505,1,4,6,2,3,-1,-1,-1,-1,-0.0010194,-0.0014245
2,2,0.43597,0.33379,0.70479,1,0.54821,0.51109,0.1371,0,0.20161,0.08871,0.12903,0.072581,0.096774,0.15323,0.12097,0.13934,0,0,0,0.2623,0.0081967,0.04918,0.54098,0.47232,1.7574,0.1007,180,10.4,113,68,0.043035,0.26994,1,0.030211,1,2,5,2,3,-1,-1,0,-1,0,-0.002849
2,4,0.49068,0.0024871,0.71365,1,0.63838,0.60974,0.11864,0.050847,0.13559,0.16949,0.050847,0.059322,0.19492,0.10169,0.11864,0,0,0.0086207,0,0.25,0,0.060345,0.68103,0.53645,2.0147,0.13368,180,12.98,96,46,0.071521,0.057221,0.99455,0.013587,0.99728,3,5,2,4,0,0,-1,0,-0.0020387,0
2,3,0.49294,0.41021,0.53159,1,0.55889,0.53732,0.10811,0.063063,0.17117,0.13514,0.09009,0.054054,0.081081,0.13514,0.16216,0.14679,0.0091743,0,0,0.26606,0.0091743,0.018349,0.55046,0.49895,1.8639,0.088127,90,8.0375,104,57,0.053706,0.14336,0.98951,0.10909,1,3,3,2,3,0,-1,-1,-1,-0.0030581,-0.0014245
2,4,0.49576,0.14611,0.61189,1,0.54482,0.47617,0.080357,0.0089286,0.16964,0.089286,0.125,0.080357,0.11607,0.19643,0.13393,0.13636,0,0.0090909,0,0.25455,0,0.054545,0.54545,0.43193,1.7712,0.099501,180,13.071,108,68,0.049766,0.20678,1,0.13333,1,2,5,2,3,-1,-1,1,-1,0.0020387,-0.0014245
2,3,0.4508,0.0017517,0.73165,1,0.56469,0.5056,0.1453,0,0.16239,0.094017,0.11966,0.059829,0.076923,0.20513,0.13675,0.13913,0,0,0,0.21739,0,0.052174,0.5913,0.4736,1.7263,0.10804,180,12.209,108,59,0.048634,0.19436,1,0.022436,1,2,3,2,3,0,-1,1,-1,0.0010194,-0.0014245
2,5,0.47851,0.15867,0.89401,1,0.79048,0.60566,0.104,0,0.192,0.08,0.072,0.128,0.128,0.192,0.104,0.1626,0,0,0,0.28455,0,0.04065,0.5122,0.56391,2.0999,0.1464,180,11.178,113,78,0.081905,0.22368,1,0,0.93699,3,6,2,3,-1,-1,1,0,0.0010194,0
2,4,0.53996,0.22251,0.76171,1,0.75475,0.58048,0.11538,0,0.15385,0.17692,0.069231,0.076923,0.13077,0.17692,0.1,0.21094,0.0078125,0.03125,0,0.23438,0,0.023438,0.49219,0.56094,2.1854,0.13888,180,12.409,89,76,0.082348,0.21525,1,0.10979,0.89976,2,3,2,3,-1,-1,0,-1,0,-0.0014245
2,2,0.50769,0.36867,0.71362,1,0.66231,0.60024,0.1371,0,0.18548,0.1129,0.024194,0.072581,0.17742,0.15323,0.1371,0,0,0,0,0.22951,0,0.065574,0.70492,0.55399,2.0803,0.13284,180,11.154,106,74,0.08094,0,1,0,0.98347,2,5,2,3,0,-1,1,0,0.0030581,0
2,2,0.56744,0.31616,0.5532,1,0.6462,0.57828,0.12295,0.02459,0.17213,0.15574,0.065574,0.057377,0.10656,0.16393,0.13115,0.13333,0,0,0,0.21667,0,0.033333,0.61667,0.59552,2.228,0.13085,180,9.5841,115,76,0.064502,0.10968,1,0.0024938,1,3,6,2,3,-1,-1,0,-1,0,-0.0014245
2,3,0.39743,0.21426,0.59376,1,0.65538,0.61818,0.09589,0,0.20548,0.12329,0.089041,0.082192,0.13014,0.15753,0.11644,0.097222,0,0.013889,0,0.21528,0.0069444,0.027778,0.63889,0.61769,2.3674,0.16379,180,10.6,141,89,0.09536,0.085714,1,0.088362,0.92241,2,5,2,3,0,-1,0,-1,0,-0.002849
2,2,0.32855,0.21001,0.67375,1,0.57225,0.54965,0.12195,0.04065,0.13821,0.13008,0.04065,0.065041,0.14634,0.1626,0.15447,0.099174,0.0082645,0,0,0.20661,0,0.016529,0.66942,0.50824,1.8309,0.12609,180,9.474,110,70,0.059679,0.062112,1,0.01462,1,3,6,3,3,0,-1,0,-1,0,-0.002849
2,8,0.56415,0.022883,0.60481,1,0.62795,0.54618,0.17647,0,0.18954,0.15033,0.039216,0.098039,0.084967,0.14379,0.11765,0.12583,0.0066225,0,0,0.23841,0,0.05298,0.57616,0.56469,2.1285,0.12298,180,10.007,121,81,0.077761,0.12613,1,0.017766,1,2,3,2,3,0,-1,1,0,0.0020387,0
2,4,0.47136,0.28953,0.58907,1,0.56879,0.5353,0.15447,0,0.1626,0.12195,0.02439,0.097561,0.13008,0.19512,0.11382,0.15702,0,0,0,0.23967,0,0.049587,0.55372,0.51239,1.865,0.1278,180,9.6732,106,64,0.05519,0.16901,1,0,0.9913,2,5,2,3,0,-1,0,-1,0,-0.0014245]
