2,3,0.15983,0.020991,0.25129,1,0.45042,0.33583,0.14286,0.095238,0.047619,0.19048,0.095238,0.063492,0.22222,0.031746,0.11111,0.2459,0.098361,0.065574,0,0.04918,0.016393,0.16393,0.36066,0.34776,0.90036,0.088836,180,14.878,45,34,0.016981,0.074534,0.068323,0.053156,0.94684,4,6,4,4,-1,-1,-1,0,-0.001173,0
2,1,0.13737,0.13737,0.30867,1,0.47105,0.29605,0.12281,0.14035,0,0.17544,0.10526,0.10526,0.17544,0.017544,0.15789,0.29091,0.10909,0.054545,0,0.018182,0.036364,0.14545,0.34545,0.31925,0.86556,0.060068,133.22,10.588,48,33,0.018629,0.098901,0,0.083032,0.93863,4,3,4,4,-1,-1,-1,0,-0.00058651,0
1,1,0.162,0.162,0.66494,1,0.46184,0.25565,0.076923,0.15385,0,0,0.076923,0,0.30769,0.15385,0.23077,0.078947,0.13158,0.026316,0,0.026316,0.13158,0.47368,0.13158,0.25669,0.52014,0.12484,180,17.987,5,23,0.032258,0.11957,1,0.12308,1,2,2,2,3,1,1,0,-1,0,-0.0012484
1,0,0,0,0.5938,1,0.45966,0.21101,0.10811,0.13514,0,0,0.027027,0.027027,0.18919,0.21622,0.2973,0.11111,0.083333,0.055556,0,0.083333,0.19444,0.33333,0.13889,0.21061,0.51454,0.038387,106.91,22.355,11,18,0.027618,0,0.99598,0.29949,0.91878,2,2,3,3,1,1,-1,0,-0.00058651,0
1,0,0,0,0.4881,1,0.32138,0.16327,0.10526,0.15789,0,0,0.10526,0,0.28947,0.18421,0.15789,0.21622,0.027027,0.027027,0,0.081081,0.13514,0.37838,0.13514,0.16427,0.36897,0.071468,107.39,21.35,7,25,0.013876,0,1,0.22727,0.92857,2,3,2,3,1,1,1,0,0.0017595,0
1,1,0.077704,0.077704,0.57078,1,0.36129,0.097184,0.10811,0.10811,0,0.027027,0.13514,0,0.24324,0.16216,0.21622,0.083333,0.11111,0.055556,0,0.083333,0.22222,0.27778,0.16667,0.097991,0.31058,0.02773,139.59,29.705,5,23,0.0078011,0.023077,1,0.41121,0.88785,2,2,2,3,1,1,0,-1,0,-0.0012484
1,1,0.072734,0.072734,0.74154,1,0.31995,0.11702,0.16667,0.1,0.1,0,0,0.1,0.13333,0.23333,0.16667,0.17241,0.034483,0.034483,0,0.13793,0.24138,0.2069,0.17241,0.11749,0.28934,0.02792,180,27.242,2,18,0.0096159,0,1,0.21569,0.76471,2,2,2,2,1,1,1,0,0.00058651,0
1,1,0.053255,0.053255,0.34752,1,0.35992,0.14395,0.12195,0.073171,0.04878,0,0,0.073171,0.19512,0.21951,0.26829,0.225,0,0,0,0.15,0.225,0.275,0.125,0.14447,0.30221,0.043847,133.22,16.548,8,25,0.010017,0,1,0.18493,0.89726,2,2,2,2,0,1,1,0,0.001173,0
1,1,0.050993,0.050993,0.29928,1,0.25528,0.15924,0,0.11765,0.17647,0,0,0.11765,0.23529,0.17647,0.17647,0.27273,0.060606,0.030303,0,0.030303,0.15152,0.30303,0.15152,0.1596,0.26374,0.065925,180,17.488,7,24,0.0092732,0.33721,1,0.02963,0.95556,2,2,2,2,1,1,1,0,0.0017595,0
2,1,0.00058651,0.00058651,0.29146,1,0.48686,0.27091,0.13636,0.090909,0.090909,0.13636,0,0.090909,0.31818,0.090909,0.045455,0.21429,0.071429,0.095238,0,0.02381,0.02381,0.11905,0.45238,0.28738,0.64693,0.054765,76.272,11.58,22,23,0.0088489,0.019737,0.0065789,0.061224,0.94694,3,3,3,2,0,-1,-1,0,-0.00058651,0
3,0,0,0,0.39816,1,0.49216,0.21123,0.16071,0.089286,0.035714,0.16071,0.10714,0,0.21429,0.035714,0.19643,0.18868,0,0,0,0,0.26415,0.33962,0.20755,0.16894,0.60352,0.05129,90,5.5402,69,33,0.0076265,0.11715,1,0.049645,1,4,3,3,3,1,1,0,-1,0,-0.0012484
3,0,0,0,0.34295,1,0.59932,0.2176,0.019608,0.11765,0.098039,0.078431,0.098039,0.078431,0.27451,0.039216,0.19608,0.27083,0,0,0,0.020833,0.20833,0.45833,0.041667,0.15878,0.61056,0.059029,90,4.5104,69,26,0.007583,0.3242,1,0.023333,0.98667,4,6,3,4,1,1,1,0,0.00058651,0
3,0,0,0,0.49948,1,0.44928,0.22518,0.14516,0.1129,0,0.080645,0.19355,0,0.22581,0.064516,0.17742,0.084746,0.016949,0,0,0.067797,0.13559,0.49153,0.20339,0.17522,0.66788,0.049294,90,8.0269,65,42,0.0090179,0,0.98601,0,0.98141,4,6,4,4,1,-1,-1,-1,-0.002346,-0.0012484
3,1,0.32765,0.32765,0.37135,1,0.37027,0.22049,0.16923,0.076923,0.046154,0.18462,0.076923,0.061538,0.12308,0.076923,0.18462,0.064516,0,0,0,0.016129,0.12903,0.5,0.29032,0.16909,0.60033,0.02653,72.61,6.6665,73,34,0.0056459,0,1,0,1,4,6,3,4,1,-1,1,-1,0.001173,-0.0024969
3,1,0.00058651,0.00058651,0.39626,1,0.35625,0.19919,0.16071,0.10714,0,0.16071,0.10714,0.053571,0.23214,0.053571,0.125,0,0,0.018868,0,0,0.15094,0.50943,0.32075,0.14001,0.52409,0.04314,90,8.8444,64,31,0.0050509,0.020619,0.99485,0.03913,0.97391,4,7,3,5,1,1,-1,0,-0.00058651,0
3,2,0.23035,0.23035,0.3236,1,0.45935,0.11706,0.22727,0.068182,0.068182,0.25,0.045455,0.11364,0.22727,0,0,0,0,0,0,0.04878,0.073171,0.36585,0.5122,0.1884,0.57996,0.03568,89.072,8.1545,40,19,0.0008661,0.030457,1,0.048951,0.41608,3,5,3,4,1,1,1,0,0.001173,0
3,0,0,0,0.42415,1,0.4142,0.1071,0.18,0.1,0.08,0.14,0.12,0.22,0.16,0,0,0,0,0.021277,0,0.042553,0.085106,0.44681,0.40426,0.17087,0.5288,0.036726,90,13.64,28,27,0.00068121,0,0.99552,0.0040486,0.4413,4,5,3,5,1,-1,0,-1,0,-0.0012484
3,1,0.3899,0.3899,0.24619,1,0.76975,0.1056,0.2766,0.10638,0.19149,0.10638,0.042553,0,0.2766,0,0,0.29545,0,0,0,0.068182,0.13636,0.34091,0.15909,0.25265,0.78761,0.030915,180,5.8941,48,26,0.00097105,0.043668,0.92576,0.0091533,0.32265,3,8,3,4,1,-1,1,0,0.001173,0
3,1,0.056549,0.056549,0.52318,1,0.63847,0.05456,0.10811,0.13514,0.21622,0,0.24324,0.16216,0.081081,0.054054,0,0.14706,0,0.029412,0,0.029412,0.17647,0.44118,0.17647,0.090681,0.30559,0.011448,180,14.692,15,24,0.00043335,0,1,0.10606,0.34091,4,6,4,4,1,-1,1,1,0.001173,0.0024969
