2,0,0,0,0.41729,1,0.70836,0.0055573,0.1,0.066667,0.21667,0.1,0.1,0.15,0.066667,0.083333,0.11667,0.086207,0.017241,0.15517,0.051724,0.34483,0,0.15517,0.18966,0.0047149,0.50865,0.025061,90,10.022,60,34,0.0071584,0.97351,0.57616,0.24118,0.47647,3,3,2,3,-1,1,1,0,0.00058651,0
2,2,0.064206,0.041642,0.36767,1,0.75365,0.0058393,0.070175,0.10526,0.19298,0.10526,0.087719,0.15789,0.087719,0.070175,0.12281,0.090909,0.018182,0.072727,0.23636,0.30909,0,0.12727,0.14545,0.013779,0.53646,0.029291,90,9.247,60,31,0.0070676,0.70139,0.49306,0.29891,0.54348,3,3,3,3,-1,1,1,0,0.0017595,0
2,0,0,0,0.41701,1,0.64859,0.0029326,0.13043,0.086957,0.23913,0.065217,0.065217,0.1087,0.065217,0.065217,0.17391,0.11364,0.022727,0.11364,0.15909,0.27273,0.045455,0.13636,0.13636,0.009806,0.53282,0.026136,64.836,9.4303,50,23,0.0081573,0.79747,0.52532,0.27528,0.55618,3,3,4,3,1,1,1,0,0.0017595,0
2,1,0.090609,0.090609,0.4786,1,0.53027,0.0052786,0.08,0.08,0.08,0.08,0.1,0.32,0.06,0.08,0.12,0.083333,0.020833,0.125,0.1875,0.3125,0.041667,0.125,0.10417,0.0047877,0.48254,0.024129,76.781,10.921,49,27,0.007219,0.90184,0.51534,0.33125,0.575,3,3,3,3,-1,1,1,1,0.001173,0.0024969
2,0,0,0,0.52387,1,0.64572,0.0035191,0.06,0.14,0.2,0.08,0.08,0.14,0.16,0.08,0.06,0.14583,0,0.125,0.22917,0.1875,0.041667,0.16667,0.10417,0.0051739,0.42965,0.025578,71.136,10.021,51,29,0.0055435,0.66452,0.39355,0.043165,0.45324,3,3,3,3,-1,1,1,0,0.00058651,0
2,1,0.028203,0.028203,0.36753,1,0.59938,0.0043149,0.078431,0.058824,0.15686,0.039216,0.098039,0.2549,0.11765,0.11765,0.078431,0.10204,0,0.040816,0.081633,0.4898,0,0.12245,0.16327,0.021421,0.45381,0.0021077,90,9.4968,53,34,0.0046428,1,0.47826,0.48299,0.44898,3,3,2,3,0,1,1,0,0.001173,0
1,1,0.094719,0.094719,0.81596,1,0.77808,0.079387,0.067797,0.13559,0.13559,0.050847,0,0.18644,0.10169,0.084746,0.23729,0.10345,0.017241,0.068966,0.15517,0.18966,0.051724,0.18966,0.22414,0.081292,0.42981,0.034535,180,19.689,11,33,0.0074416,0.61818,1,0.23158,0.84211,3,2,2,3,-1,1,1,-1,0.0017595,-0.0012484
1,1,0.064564,0.064564,0.67987,1,0.68209,0.093822,0.051724,0.068966,0.27586,0.051724,0.017241,0.2069,0.15517,0.068966,0.10345,0.14035,0.035088,0.052632,0.035088,0.33333,0.035088,0.052632,0.31579,0.096527,0.52094,0.020429,136.78,17.548,8,33,0.0089093,0.77528,1,0.26829,0.87805,3,2,2,3,0,1,1,-1,0.001173,-0.0024969
2,0,0,0,0.16951,1,0.60113,0.14982,0.09434,0,0,0.13208,0.09434,0.09434,0.35849,0.056604,0.16981,0.31373,0.058824,0.2549,0,0,0.058824,0.098039,0.21569,0.24004,0.55613,0.12518,53.841,4.4936,44,28,0.0039734,0.32381,0,0,1,3,3,2,2,-1,-1,-1,0,-0.00058651,0
1,1,0.087929,0.087929,0.50066,1,0.57804,0.13483,0.12821,0.10256,0.10256,0.10256,0,0,0.20513,0.10256,0.25641,0.21053,0.052632,0.10526,0.026316,0.13158,0.10526,0.26316,0.10526,0.13233,0.30887,0.091398,72.61,26.588,1,24,0.012121,1,1,0.080292,0.85401,2,2,1,2,0,1,0,1,0,0.0024969
1,3,0.34914,0.22714,0.4173,1,0.50142,0.14457,0,0.040541,0.18919,0.081081,0.12162,0.040541,0.14865,0.24324,0.13514,0.23288,0.013699,0.027397,0.054795,0.32877,0.054795,0.10959,0.17808,0.14339,1.2781,0.022444,175.52,17.321,17,41,0.02671,0.35849,0.99686,0.75419,0.93296,3,3,4,3,1,1,-1,1,-0.00058651,0.0012484
1,1,0.041054,0.041054,0.68217,1,0.51849,0.11038,0.10526,0.28947,0,0.15789,0.052632,0.078947,0.10526,0.078947,0.13158,0.13514,0.081081,0.16216,0.027027,0.32432,0.081081,0.081081,0.10811,0.10979,0.49456,0.031039,47.039,20.012,9,19,0.011121,0.11321,0.99528,0.62329,0.65068,2,2,3,2,1,1,-1,0,-0.00058651,0
1,0,0,0,0.9823,1,0.40981,0.10843,0.11429,0.37143,0,0.17143,0,0,0.17143,0.028571,0.14286,0.20588,0.029412,0.17647,0,0.23529,0.14706,0.14706,0.058824,0.10821,0.37555,0.00057136,90,17.283,11,23,0.0077403,0.14976,1,0.44444,0.70707,2,2,2,2,1,1,1,1,0.00058651,0.0024969
1,0,0,0,0.5505,1,0.4093,0.089243,0.076923,0.23077,0,0.10256,0.10256,0,0.17949,0.076923,0.23077,0.15789,0.026316,0.078947,0.10526,0.31579,0.078947,0.13158,0.10526,0.090615,0.52761,0.055225,56.667,17.052,6,21,0.011713,0.20419,1,0.80982,0.73006,2,2,2,2,1,1,1,1,0.001173,0.0012484
1,0,0,0,0.60875,1,0.31652,0.051494,0.18421,0.13158,0.10526,0.078947,0.078947,0.026316,0.21053,0.078947,0.10526,0.13514,0.081081,0.13514,0.054054,0.13514,0.081081,0.21622,0.16216,0.052056,0.24673,0.021872,79.357,18.578,9,20,0.0026737,0.076087,1,0.74648,0.91549,2,2,2,2,1,1,1,0,0.00058651,0
1,0,0,0,0.60114,1,0.32918,0.065689,0.047619,0.095238,0.16667,0.19048,0.047619,0.02381,0.14286,0.095238,0.19048,0.21951,0.02439,0.04878,0,0.31707,0.073171,0.17073,0.14634,0.065689,0.32219,0.022898,90,20.293,12,26,0.0040144,0.058824,1,0.76344,0.76344,2,2,2,2,1,1,0,0,0,0
1,0,0,0,0.62473,1,0.33939,0.076454,0.13953,0.16279,0.069767,0.16279,0.093023,0.023256,0.11628,0.13953,0.093023,0.14286,0.02381,0.11905,0.071429,0.14286,0.11905,0.2381,0.14286,0.075911,0.3016,0.021021,59.577,15.127,6,30,0.0042835,0.064,1,0.64894,0.92553,2,2,2,2,1,0,0,1,0,0.0012484
