1,1,0.022541,0.022541,0.157,1,0.6243,0.47418,0.060606,0.060606,0.42424,0,0,0.18182,0,0.15152,0.12121,0.4375,0,0,0,0.03125,0.125,0.1875,0.21875,0.47791,0.57051,0.14209,90,10.587,13,16,0.019391,0,0.60305,0.028061,1,1,1,2,2,1,1,0,-1,0,-0.0037453
1,0,0,0,0.17674,1,0.77531,0.35563,0.10345,0.034483,0.34483,0.068966,0.10345,0,0.34483,0,0,0.57143,0,0,0,0,0,0.25,0.17857,0.77656,0.91913,0.1325,90,14.161,17,14,0.049467,0,0.051282,0,1,1,1,2,1,1,0,0,-1,0,-0.0012484
1,1,0.071402,0.071402,0.20888,1,0.82398,0.46074,0.068966,0.034483,0.34483,0,0.068966,0.068966,0,0.41379,0,0.57143,0,0,0,0.035714,0,0.28571,0.10714,0.82647,0.98634,0.22441,99.237,6.5733,12,15,0.065304,0,0.45734,0,1,1,1,2,1,1,0,0,-1,0,-0.0024969
1,1,0.025079,0.025079,0.28172,1,0.73413,0.42682,0.12,0.06,0.4,0,0.08,0.04,0,0.3,0,0.42857,0,0,0,0.020408,0.040816,0.34694,0.16327,0.73779,0.95609,0.22594,79.941,8.2724,26,24,0.068965,0,0.35493,0.0067568,1,1,1,2,2,1,1,-1,-1,-0.00058651,-0.0037453
1,0,0,0,0.19486,1,0.82445,0.40638,0.13793,0,0.37931,0,0.10345,0,0.068966,0.31034,0,0.67857,0,0,0,0,0,0.17857,0.14286,0.82943,0.97891,0.19435,83.925,11.374,14,14,0.06074,0,0.33091,0,1,1,1,2,1,1,-1,0,-1,0,-0.0049938
1,0,0,0,0.2009,1,0.76334,0.4499,0.10714,0.071429,0.35714,0,0.035714,0.071429,0,0.35714,0,0.51852,0,0.037037,0,0.037037,0.074074,0.22222,0.11111,0.76582,0.93058,0.20649,90,17.658,13,14,0.059218,0,0.44106,0.0065041,1,1,2,2,3,1,1,0,-1,0,-0.0024969
1,1,0.77018,0.77018,0.17945,1,0.75563,0.39568,0.17391,0.086957,0.34783,0,0.043478,0.043478,0.26087,0.043478,0,0.5,0,0.090909,0,0,0.090909,0.27273,0.045455,0.75562,0.90893,0.13801,180,18.046,14,11,0.051975,0,0.1588,0.0081967,1,1,1,2,2,1,0,-1,0,-0.00058651,0
1,1,0.39772,0.39772,0.13696,1,0.76665,0.36795,0.068182,0.045455,0.36364,0,0.11364,0.022727,0.31818,0.068182,0,0.53488,0,0.023256,0,0.023256,0,0.23256,0.18605,0.76664,0.86485,0.1092,90,11.856,22,27,0.041827,0,0.11732,0,1,1,1,2,1,1,0,-1,0,-0.00058651,0
1,0,0,0,0.19458,1,0.67186,0.50881,0.095238,0.095238,0.33333,0,0,0.14286,0,0.28571,0.047619,0.5,0,0,0,0,0,0.3,0.2,0.6731,0.78999,0.20331,90,9.4515,12,9,0.042935,0,0.55856,0,1,1,1,2,1,1,0,0,-1,0,-0.0012484
2,1,0.3788,0.3788,0.14805,1,0.67823,0.14126,0.044776,0,0.34328,0.059701,0.22388,0.074627,0.23881,0.014925,0,0.41538,0,0.015385,0,0.015385,0,0.13846,0.41538,0.47317,1.0519,0.059763,84.251,8.3242,62,40,0.02399,0,0.83168,0,0.5195,2,2,3,2,1,0,1,-1,0.0029326,-0.0037453
2,1,0.38963,0.38963,0.12503,1,0.65686,0.1056,0.083333,0.016667,0.25,0.066667,0.18333,0.21667,0.13333,0.05,0,0.2931,0,0.017241,0,0.034483,0,0.44828,0.2069,0.44951,0.98644,0.078574,64.836,13.974,37,33,0.020948,0,0.90533,0,0.55118,2,2,3,2,1,0,1,0,0.00058651,0
2,3,0.34966,0.16062,0.1279,1,0.70483,0.087097,0.078431,0.019608,0.2549,0.058824,0.19608,0.15686,0.19608,0.039216,0,0.26531,0,0,0,0.061224,0,0.38776,0.28571,0.39461,0.88181,0.051996,90,10.097,23,22,0.016871,0,0.86928,0,0.51068,2,2,3,2,1,0,1,0,0.00058651,0
2,1,0.16982,0.16982,0.24055,1,0.71049,0.082706,0.067797,0.084746,0.25424,0,0.15254,0.13559,0.15254,0.15254,0,0.47368,0,0.017544,0,0.017544,0.070175,0.24561,0.17544,0.42514,1.0515,0.099935,105.03,7.7116,59,32,0.035183,0,0.81191,0.016051,0.46388,2,2,3,3,1,1,1,0,0.00058651,0
1,0,0,0,0.19046,1,0.67982,0.39821,0.068182,0.022727,0.36364,0,0.11364,0.090909,0,0.34091,0,0.48837,0,0.023256,0,0.023256,0.11628,0.093023,0.25581,0.68231,0.83118,0.14865,90,15.707,17,28,0.043964,0,0.38667,0.018018,1,1,1,2,2,1,1,0,-1,0,-0.0024969
