a
1,0,0,0,0.51271,1,0.61726,0.20586,0.054795,0.09589,0.20548,0.068493,0,0.16438,0.09589,0.12329,0.19178,0.083333,0.027778,0.083333,0.055556,0.26389,0.027778,0.11111,0.34722,0.20604,0.776,0.08301,90,17.749,23,45,0.020359,0.75771,1,0.21635,1,3,2,2,3,-1,1,1,0,0.001173,0
1,2,0.21141,0.059815,0.86793,1,0.72178,0.18438,0.073529,0.27941,0,0.073529,0.11765,0,0.14706,0.11765,0.19118,0.13433,0.029851,0.044776,0.13433,0.1791,0.029851,0.16418,0.28358,0.18544,0.80715,0.066726,154.84,10.962,15,48,0.024572,0.55657,1,0.25424,1,3,2,2,3,-1,1,1,0,0.002346,0
1,2,0.23391,0.12066,0.51231,1,0.59654,0.20709,0.071429,0.085714,0.22857,0.028571,0.014286,0.18571,0.17143,0.085714,0.12857,0.14493,0,0.072464,0.057971,0.31884,0.043478,0.072464,0.28986,0.20718,0.87409,0.058393,180,18.032,15,41,0.0241,0.77593,1,0.25792,1,3,2,2,3,0,1,1,0,0.00058651,0
1,3,0.18052,0.10155,0.56714,1,0.67981,0.2259,0.11688,0.090909,0.22078,0.051948,0,0.15584,0.077922,0.090909,0.19481,0.14474,0.013158,0.078947,0.052632,0.28947,0.026316,0.078947,0.31579,0.22578,0.87471,0.080226,90,15.374,24,47,0.025877,0.70149,0.99627,0.2027,1,3,2,3,3,0,1,-1,0,-0.00058651,0
1,2,0.10152,0.001173,0.6248,1,0.69246,0.19009,0.075269,0.11828,0.17204,0.043011,0.032258,0.10753,0.12903,0.10753,0.21505,0.11957,0.021739,0.097826,0.054348,0.23913,0.032609,0.097826,0.33696,0.18976,0.83667,0.069877,90,18.297,28,65,0.021452,0.64885,0.99237,0.25888,1,3,2,3,3,0,1,-1,0,-0.001173,0
1,5,0.25499,0.0048052,0.65289,1,0.66148,0.21297,0.12048,0.3494,0,0.048193,0.096386,0.012048,0.096386,0.036145,0.24096,0.13415,0.036585,0.073171,0.060976,0.26829,0.012195,0.17073,0.2439,0.2093,0.78775,0.047787,180,17.549,21,44,0.018392,0.47232,0.97417,0.19487,0.98974,3,3,3,3,0,1,-1,1,-0.0035191,0.0024969
b
2,1,0.40137,0.40137,0.23423,1,0.50067,0.14438,0.13043,0,0,0.17391,0.057971,0.11594,0.30435,0.043478,0.17391,0.25373,0.059701,0.1194,0.014925,0.059701,0.059701,0.089552,0.34328,0.28641,0.76568,0.14093,73.355,10.107,52,37,0.007735,0.21714,0,0,0.9886,3,3,2,3,0,-1,0,1,0,0.0024969
2,0,0,0,0.21613,1,0.54934,0.1039,0.15116,0,0,0.17442,0.05814,0.05814,0.33721,0.10465,0.11628,0.41667,0,0.20238,0,0.059524,0.035714,0.059524,0.22619,0.27703,0.79418,0.15004,71.45,9.5954,55,52,0.0072402,0.25749,0.017964,0,0.89807,3,3,3,3,0,-1,0,1,0,0.0037453
2,2,0.11026,0.0070381,0.18648,1,0.48992,0.16923,0.16484,0,0,0.17582,0.065934,0.032967,0.32967,0.076923,0.15385,0.24719,0.067416,0.1573,0.011236,0.078652,0.022472,0.067416,0.34831,0.32695,0.81134,0.13711,85.523,9.4052,45,51,0.0078366,0.25,0,0,0.99237,3,3,3,3,0,-1,0,1,0,0.0024969
2,0,0,0,0.19823,1,0.49461,0.16046,0.051282,0.14103,0,0.12821,0.064103,0.076923,0.32051,0.076923,0.14103,0.32895,0.065789,0.22368,0,0.065789,0.026316,0.052632,0.23684,0.33595,0.85385,0.15874,90,18.088,46,51,0.008169,0.37572,0,0,0.96098,3,3,2,3,0,-1,0,1,0,0.0012484
2,1,0.0087587,0.0087587,0.17662,1,0.47852,0.15247,0.16883,0,0,0.11688,0.077922,0.025974,0.4026,0.051948,0.15584,0.32,0.093333,0.17333,0.013333,0.04,0.04,0.093333,0.22667,0.31117,0.77304,0.15238,90,11.491,45,55,0.007057,0.23129,0.0068027,0,0.97954,3,3,3,3,1,-1,-1,0,-0.00058651,0
2,1,0.001173,0.001173,0.22791,1,0.54639,0.15521,0.19231,0,0,0.14103,0.051282,0.064103,0.32051,0.064103,0.16667,0.34211,0.078947,0.11842,0,0.065789,0.026316,0.065789,0.30263,0.34994,1.0196,0.14957,180,10.167,46,52,0.013028,0.24528,0.009434,0,1,3,3,3,2,0,-1,1,0,0.00058651,0
c
1,0,0,0,0.42976,1,0.63084,0.20555,0.093023,0.11628,0.2093,0.13953,0,0,0.069767,0.18605,0.18605,0.21429,0.11905,0.16667,0,0.047619,0.02381,0.2619,0.16667,0.2055,0.31969,0.091868,66.94,16.364,11,28,0.014892,1,0.81366,0.0625,0.99432,2,2,1,2,-1,0,1,0,0.00058651,0
1,1,0.21695,0.21695,0.43164,1,0.57066,0.23848,0.2,0.1,0.125,0.125,0,0,0.075,0.125,0.25,0.17949,0.12821,0.10256,0,0.051282,0.076923,0.25641,0.20513,0.2385,0.37108,0.13063,44.933,14.87,7,26,0.020704,0.9558,1,0.0050761,0.97462,2,2,1,2,-1,1,1,0,0.001173,0
1,0,0,0,0.4599,1,0.66506,0.23111,0.12121,0.18182,0.090909,0.13636,0,0,0.10606,0.12121,0.24242,0.26154,0.046154,0.13846,0.015385,0,0,0.32308,0.21538,0.23115,0.36407,0.12667,76.781,15.23,30,32,0.019629,0.91398,1,0.026316,1,2,1,1,2,-1,1,1,0,0.001173,0
1,0,0,0,0.56375,1,0.65832,0.21187,0.14545,0.14545,0.090909,0.12727,0,0,0.12727,0.18182,0.18182,0.2037,0.074074,0.16667,0,0,0.14815,0.24074,0.16667,0.21193,0.4192,0.13952,35.357,10.996,16,38,0.025399,0.8547,1,0.015385,0.88205,2,2,1,2,-1,0,1,0,0.00058651,0
1,0,0,0,0.40326,1,0.52066,0.27466,0.11628,0.13953,0.093023,0.093023,0,0,0.2093,0.16279,0.18605,0.16667,0.047619,0.16667,0,0,0.02381,0.33333,0.2619,0.27466,0.441,0.16892,59.124,12.373,10,27,0.02868,0.985,1,0.04721,0.99142,2,2,1,2,-1,1,1,0,0.00058651,0
1,0,0,0,0.39949,1,0.66311,0.33882,0.11864,0.13559,0.10169,0.10169,0,0,0.11864,0.16949,0.25424,0.24138,0.068966,0.13793,0,0.051724,0.051724,0.25862,0.18966,0.34128,0.54603,0.19888,103.22,17.268,21,35,0.042086,0.868,0.988,0.017007,0.94558,2,2,2,3,-1,1,-1,-1,-0.00058651,-0.0024969
d
1,0,0,0,0.2871,1,0.51891,0.15898,0,0,0.26596,0.06383,0.24468,0.021277,0.18085,0.1383,0.085106,0.24731,0,0.11828,0.021505,0.26882,0.010753,0.11828,0.21505,0.15921,1.2539,0.013414,90,19.742,30,57,0.018168,0.53247,1,0.66402,0.97354,3,2,2,3,0,1,1,0,0.00058651,0
1,1,0.29284,0.29284,0.3048,1,0.4852,0.16541,0,0.031915,0.20213,0.074468,0.23404,0.042553,0.11702,0.20213,0.095745,0.26882,0.032258,0.043011,0.043011,0.26882,0.021505,0.12903,0.19355,0.16587,1.2031,0.028123,90,16.257,34,59,0.017958,0.53719,1,0.67292,1,3,2,3,3,1,1,1,0,0.001173,0
1,2,0.20947,0.0098539,0.3076,1,0.50574,0.21298,0,0.2233,0.097087,0.067961,0.28155,0,0.07767,0.087379,0.16505,0.19608,0.0098039,0.088235,0.029412,0.26471,0.0098039,0.058824,0.34314,0.20947,1.0563,0.00082278,180,15.134,38,68,0.015331,0.51818,0.94091,0.50298,0.98512,4,3,4,3,0,0,-1,1,-0.0041056,0.0024969
1,0,0,0,0.27082,1,0.4971,0.095921,0,0,0.21839,0.034483,0.12644,0.16092,0.14943,0.16092,0.14943,0.26744,0.023256,0.05814,0.034884,0.27907,0.011628,0.13953,0.18605,0.096243,0.83948,0.0066514,90,17.771,32,54,0.009248,0.68707,1,0.61569,0.90588,3,2,2,3,-1,0,1,0,0.001173,0
1,1,0.54071,0.54071,0.30292,1,0.64591,0.21193,0,0,0.25556,0.066667,0.077778,0.17778,0.13333,0.11111,0.17778,0.29213,0.044944,0.033708,0.033708,0.25843,0.011236,0.05618,0.26966,0.21211,1.4959,0.012477,180,13.582,35,57,0.030218,0.61754,1,0.61312,0.97964,3,2,2,3,-1,1,1,0,0.00058651,0
1,1,0.45838,0.45838,0.23427,1,0.53897,0.14497,0,0,0.25974,0,0.11688,0.11688,0.16883,0.18182,0.15584,0.27632,0.013158,0.039474,0.039474,0.35526,0.013158,0.11842,0.14474,0.14508,1.1893,0.026025,77.946,10.412,31,44,0.015828,0.74194,1,0.67828,0.98391,3,2,2,3,-1,1,1,0,0.00058651,0
e
1,3,0.20705,0.002346,0.46327,1,0.63104,0.1433,0.16176,0.088235,0.11765,0.17647,0.10294,0.029412,0.088235,0.058824,0.17647,0.10448,0.029851,0.16418,0.059701,0.25373,0.074627,0.14925,0.16418,0.14219,0.86419,0.060982,180,20.913,15,39,0.036279,0.17606,0.98592,0.61458,0.73958,2,4,3,2,1,-1,-1,0,-0.001173,0
1,0,0,0,0.51214,1,0.62928,0.11789,0.13433,0.089552,0.089552,0.074627,0.1194,0.13433,0.16418,0.1194,0.074627,0.060606,0.090909,0.060606,0.030303,0.37879,0.045455,0.12121,0.21212,0.1169,0.77265,0.054313,90,18.38,22,36,0.026384,0.26772,0.99213,0.71245,0.55794,2,2,3,3,1,1,0,-1,0,-0.0024969
1,2,0.0037453,0,0.57797,1,0.71984,0.19327,0.094595,0.094595,0.13514,0.16216,0.10811,0.027027,0.16216,0.054054,0.16216,0.12329,0.041096,0.082192,0.041096,0.24658,0.13699,0.15068,0.17808,0.19327,0.98596,0.028409,68.843,18.094,14,46,0.051174,0.19519,1,0.60855,0.81579,2,3,2,3,1,0,0,0,0,0
1,0,0,0,0.49711,1,0.66606,0.1542,0.086957,0.086957,0.15942,0.18841,0.072464,0.043478,0.11594,0.057971,0.18841,0.17647,0.044118,0.073529,0.073529,0.25,0.10294,0.16176,0.11765,0.15319,0.78875,0.033842,78.925,15.043,13,47,0.028599,0.10623,0.99634,0.63566,0.81008,2,4,3,2,1,0,-1,1,-0.00058651,0.0012484
1,0,0,0,0.5179,1,0.6392,0.1715,0.16162,0.19192,0,0.14141,0.13131,0,0.070707,0.080808,0.22222,0.13265,0.020408,0.081633,0.091837,0.29592,0.091837,0.11224,0.17347,0.17016,0.85457,0.05823,90,17.449,15,64,0.034564,0.14241,0.9969,0.56655,0.7099,2,2,3,2,1,0,-1,1,-0.00058651,0.0024969
1,1,0.18081,0.18081,0.54427,1,0.6059,0.12906,0.083333,0.27778,0,0.11111,0.125,0,0.16667,0.069444,0.16667,0.098592,0.014085,0.098592,0.070423,0.35211,0.070423,0.14085,0.15493,0.12962,0.76642,0.057823,85.866,15.124,14,42,0.027554,0.22456,1,0.69512,0.69919,2,2,2,2,1,1,1,1,0.00058651,0.0012484
f
2,0,0,0,0.31019,1,0.77362,0.061563,0,0.11111,0.2716,0.11111,0.18519,0.049383,0.23457,0.037037,0,0.34177,0.088608,0.12658,0.075949,0.11392,0.063291,0.13924,0.050633,0.22635,0.76949,0.019841,84.632,9.9761,70,51,0.010725,0.97925,0.78008,0.30685,0.41644,2,5,3,3,1,1,1,1,0.0041056,0.0024969
2,0,0,0,0.17171,1,0.85357,0.10067,0,0.1573,0.14607,0.10112,0.20225,0.10112,0.29213,0,0,0.48276,0.011494,0.10345,0.045977,0.022989,0.022989,0.24138,0.068966,0.31641,0.82123,0.0057862,90,11.854,78,55,0.0075221,0.97191,1,0.14374,0.38809,2,4,3,3,1,0,1,0,0.0017595,0
2,1,0.13279,0.13279,0.12813,1,0.84962,0.077241,0,0.21519,0.26582,0.10127,0.17722,0.012658,0.13924,0.088608,0,0.2987,0,0.090909,0.1039,0.064935,0.12987,0.1039,0.20779,0.29275,0.74555,0.0003283,90,12.185,60,49,0.0056731,0.88889,1,0.12121,0.32035,3,4,3,4,0,1,0,-1,0,-0.0012484
2,2,0.11487,0.10452,0.19362,1,0.82505,0.074163,0,0.19355,0.27419,0.12903,0.14516,0.096774,0,0.16129,0,0.15,0,0.083333,0.1,0.1,0.066667,0.18333,0.31667,0.19606,0.55441,0.00048325,64.836,6.4967,56,30,0.003885,0.97674,1,0.19489,0.48882,3,2,2,3,0,0,1,1,0.0017595,0.0012484
2,3,0.25683,0.19406,0.17695,1,0.78836,0.082121,0,0.14444,0.22222,0.077778,0.21111,0.13333,0,0.21111,0,0.13636,0,0.022727,0.090909,0.090909,0.045455,0.29545,0.31818,0.22991,0.66026,0.0024579,90,6.5821,69,38,0.005104,0.96479,1,0.20424,0.46154,3,3,3,4,1,1,1,0,0.001173,0
2,1,0.11189,0.11189,0.16619,1,0.80059,0.075526,0,0.31081,0.17568,0.054054,0.2027,0.12162,0,0.13514,0,0.15278,0,0.083333,0.125,0.041667,0,0.22222,0.375,0.23291,0.59854,0.0038628,90,8.007,72,46,0.0049268,0.97638,1,0.1337,0.41504,3,2,2,3,0,1,0,-1,0,-0.0012484
g
1,0,0,0,0.22489,1,0.68084,0.16974,0.064815,0.064815,0.30556,0.046296,0.074074,0.074074,0.22222,0.074074,0.074074,0.29907,0.037383,0.1215,0.11215,0.28037,0.0093458,0.056075,0.084112,0.16974,0.93426,0.0050682,84.632,12.409,44,61,0.022399,0.96575,0.061644,0.26885,0.66557,3,3,3,3,0,1,0,0,0,0
1,0,0,0,0.21619,1,0.66331,0.15651,0.09901,0.13861,0.31683,0.059406,0,0.069307,0.12871,0.079208,0.10891,0.17,0.03,0.16,0.08,0.28,0.03,0.07,0.18,0.15537,1.0279,0.030364,90,19.776,39,61,0.027904,0.87821,0.16667,0.25959,0.59292,4,3,4,3,1,1,0,1,0,0.0012484
1,1,0.2005,0.2005,0.20809,1,0.67521,0.20321,0.15534,0.058252,0.34951,0.0097087,0.07767,0.087379,0.097087,0.048544,0.1165,0.14706,0.039216,0.10784,0.11765,0.23529,0.019608,0.04902,0.28431,0.20313,1.0816,0.12222,90,15.659,33,64,0.032813,0.77301,0.46626,0.11685,0.55435,4,3,4,3,1,0,1,0,0.00058651,0
1,4,0.17982,0.060708,0.22371,1,0.72911,0.19601,0.062016,0.054264,0.30233,0.0077519,0.12403,0.20155,0.13178,0.077519,0.03876,0.21875,0.054688,0.078125,0.10156,0.25781,0.070313,0.085938,0.13281,0.19601,0.99624,0.039658,90,20.458,27,83,0.031102,0.92667,0.94667,0.015873,0.51429,3,3,2,3,-1,1,1,0,0.00058651,0
1,2,0.15868,0.00058651,0.1797,1,0.73588,0.14259,0.11207,0.051724,0.2931,0.060345,0.11207,0.14655,0.10345,0.077586,0.043103,0.2,0.026087,0.069565,0.12174,0.30435,0.078261,0.078261,0.12174,0.14256,1.2232,0.041451,82.952,18.131,35,73,0.035686,0.90196,0.99346,0.15,0.435,3,3,4,3,1,1,-1,0,-0.00058651,0
1,0,0,0,0.24148,1,0.62502,0.26688,0.039683,0.055556,0.30159,0.079365,0.095238,0.11111,0.1746,0.039683,0.10317,0.216,0.024,0.096,0.088,0.36,0.032,0.072,0.112,0.26671,1.2411,0.045693,90,19.248,42,79,0.047221,0.97727,0.36364,0.10748,0.58411,3,3,2,3,0,1,1,0,0.00058651,0
h
1,1,0.12833,0.12833,0.20966,1,0.59053,0.45864,0.12632,0,0,0.15789,0.15789,0.15789,0.23158,0,0.16842,0.15957,0,0,0,0.26596,0,0.10638,0.46809,0.46109,0.92379,0.20938,90,14.049,54,52,0.017978,0.10494,1,0,1,2,2,2,2,0,-1,0,-1,0,-0.0024969
1,4,0.21376,0.00058651,0.25671,1,0.60256,0.3487,0.096386,0,0,0.16867,0.13253,0.12048,0.25301,0,0.22892,0.29268,0,0.02439,0,0.29268,0.012195,0.10976,0.26829,0.3486,0.73548,0.20858,180,19.828,33,53,0.012569,0.32026,0.99346,0,0.98214,3,2,3,2,0,-1,-1,0,-0.00058651,0
1,3,0.1352,0.105,0.28935,1,0.54062,0.35579,0.11828,0.032258,0,0.13978,0.1828,0,0.30108,0.021505,0.2043,0.30435,0,0.021739,0,0.25,0.032609,0.1087,0.28261,0.35601,0.7789,0.22498,90,8.8357,46,54,0.01369,0.35393,1,0,0.96886,2,2,1,2,-1,0,1,0,0.001173,0
1,1,0.16319,0.16319,0.31564,1,0.59394,0.40249,0.066667,0.066667,0,0.077778,0.15556,0,0.33333,0.12222,0.17778,0.26966,0,0,0,0.25843,0.033708,0.1573,0.2809,0.4017,0.84102,0.25799,115.16,17.04,38,60,0.018533,0.4,1,0,0.9875,2,4,1,2,0,-1,1,1,0.002346,0.0012484
1,4,0.11276,0.024585,0.21683,1,0.52116,0.2979,0.098039,0.039216,0,0.10784,0.11765,0.12745,0.2549,0,0.2549,0.22772,0,0,0,0.24752,0,0.11881,0.40594,0.29798,0.59363,0.17314,180,14.858,37,63,0.0079787,0.33333,1,0,0.95547,2,2,1,2,0,-1,1,0,0.00058651,0
1,4,0.34108,0.07368,0.15167,1,0.59038,0.46369,0.13,0,0,0.14,0.07,0.13,0.3,0,0.23,0.12121,0,0,0,0.27273,0.010101,0.040404,0.55556,0.46493,0.92195,0.19391,72.61,5.9224,59,64,0.014659,0.13008,1,0,0.9685,3,2,2,2,0,-1,0,-1,0,-0.0012484
i
2,1,0.30644,0.30644,0.058955,1,0.79978,0.013337,0,0.11111,0.19444,0.055556,0.25,0,0.38889,0,0,0.35294,0,0,0,0.058824,0,0.058824,0.52941,0.12422,0.25492,0.00094161,180,8.6396,42,22,0.00025518,0.5,1,0.2549,0.039216,2,4,2,2,0,-1,1,0,0.00058651,0
2,1,0.25343,0.25343,0.12831,1,0.73089,0.0048052,0.090909,0.18182,0.090909,0.13636,0.045455,0,0.13636,0.13636,0.18182,0.16667,0,0,0,0.2381,0.095238,0.16667,0.33333,0.082289,0.32544,0.031651,90,8.3113,46,29,0.0023797,0,0.75806,0.23348,0.013216,3,3,3,3,1,1,0,-1,0,-0.0012484
2,0,0,0,0.1741,1,0.78247,0.0030546,0.10345,0.068966,0.2931,0.017241,0.13793,0,0.27586,0.10345,0,0.375,0,0,0,0.28571,0.071429,0.089286,0.17857,0.12232,0.56005,0.024254,90,9.1086,68,32,0.0065267,0,1,0.28529,0,3,3,3,3,1,1,1,1,0.002346,0.0024969
2,0,0,0,0.13991,1,0.76635,0.0029326,0.06,0.12,0.34,0.04,0.1,0,0.24,0.1,0,0.29167,0,0.0625,0,0.27083,0.041667,0.1875,0.14583,0.12316,0.4902,0.018206,166.78,15.458,60,25,0.0043943,0,1,0.2884,0,3,3,3,3,1,1,1,0,0.00058651,0
2,1,0.31074,0.31074,0.083892,1,0.61663,0,0.071429,0.14286,0.19048,0.095238,0.095238,0,0.2619,0.047619,0.095238,0.35,0,0,0,0.5,0,0.075,0.075,0.076208,0.40458,0.0085999,77.946,7.9933,48,19,0.0017936,0.088889,1,0.35714,0.015873,3,3,3,3,0,1,0,-1,0,-0.0049938
2,1,0.37398,0.37398,0.13071,1,0.88042,0.0069589,0.067797,0.35593,0,0.10169,0.033898,0,0.20339,0.084746,0.15254,0.31579,0,0.017544,0,0.2807,0.035088,0.17544,0.17544,0.14117,0.5516,0.064952,90,10.49,63,31,0.0070963,0,0.60396,0.23416,0.0082645,3,3,3,3,1,1,1,0,0.00058651,0
j
2,1,0.083851,0.083851,0.18633,1,0.73192,0.0057912,0,0.075472,0.26415,0,0.056604,0.13208,0.33962,0.13208,0,0.39216,0,0.078431,0.098039,0.27451,0.039216,0.019608,0.098039,0.097678,0.46753,0.012714,90,9.5412,51,27,0.0043728,0.4188,0.94017,0.30847,0.020339,3,3,3,3,1,1,-1,-1,-0.001173,-0.0024969
2,1,0.21734,0.21734,0.16127,1,0.86818,0.0042912,0,0.054545,0.34545,0,0,0.14545,0.29091,0.12727,0.036364,0.37736,0.018868,0.13208,0.13208,0.16981,0.037736,0.037736,0.09434,0.13326,0.52705,0.01301,173.3,8.4985,67,36,0.0063507,0.61739,0.93043,0.16418,0.0029851,3,3,3,3,1,0,-1,0,-0.00058651,0
2,1,0.050431,0.050431,0.12776,1,0.74355,0.0038515,0,0.058824,0.32353,0,0,0.13235,0.14706,0.073529,0.26471,0.13636,0.015152,0.12121,0.10606,0.24242,0,0.030303,0.34848,0.1225,0.58078,0.023414,180,8.3269,85,42,0.007472,0.38542,0.80208,0.32861,0,3,3,4,3,1,1,1,0,0.00058651,0
2,1,0.48318,0.48318,0.11352,1,0.82616,0.0047568,0,0.089286,0.33929,0,0,0.125,0.23214,0.17857,0.035714,0.33333,0,0.055556,0.16667,0.22222,0,0.092593,0.12963,0.1664,0.57314,0.013677,154.84,13.242,65,32,0.0059916,0.35106,1,0.19023,0.0077121,2,3,3,3,1,0,1,0,0.00058651,0
2,3,0.28342,0.039144,0.22017,1,0.74189,0.0055573,0,0.032787,0.34426,0,0.016393,0.13115,0.2459,0.18033,0.04918,0.28814,0.016949,0.084746,0.10169,0.32203,0,0.067797,0.11864,0.069913,0.57949,0.013605,180,11.269,57,33,0.0067526,0.52113,1,0.33333,0.009901,2,3,3,3,1,1,1,0,0.001173,0
2,1,0.35051,0.35051,0.1621,1,0.78804,0.010141,0,0,0.21818,0,0,0.16364,0.34545,0.2,0.072727,0.41509,0.037736,0.16981,0.16981,0.09434,0,0,0.11321,0.13318,0.44363,0.0061947,90,12.722,59,32,0.0043126,0.98148,0.96296,0.15016,0.025559,2,4,3,2,1,-1,-1,0,-0.00058651,0
k
2,8,0.29079,0.020629,0.15706,1,0.49564,0.17658,0,0.13333,0,0.074074,0.14815,0.11852,0.25185,0.11111,0.16296,0.30075,0.022556,0.037594,0.045113,0.13534,0.0075188,0.18045,0.27068,0.29271,0.81291,0.12454,180,10.697,70,69,0.0049015,0.56637,0.84956,0,1,3,3,3,4,0,-1,1,0,0.00058651,0
2,2,0.20704,0.18274,0.1462,1,0.61498,0.18922,0.13534,0,0,0.24812,0.1203,0.090226,0.19549,0.075188,0.13534,0.19847,0.038168,0.076336,0.0076336,0.091603,0.015267,0.1145,0.45802,0.39624,1.0814,0.10885,180,15.396,79,81,0.0048393,0.24667,1,0,0.96888,3,3,4,4,0,-1,0,-1,0,-0.0012484
2,2,0.18394,0.0021574,0.17483,1,0.55686,0.17661,0.11194,0.067164,0,0.15672,0.08209,0.044776,0.23134,0.14925,0.15672,0.29545,0.022727,0.10606,0.0075758,0.060606,0.0075758,0.15152,0.34848,0.38884,1.0507,0.10464,180,15.658,75,83,0.0056584,0.35754,0.98324,0,0.91892,3,3,4,4,0,-1,-1,0,-0.001173,0
2,2,0.18156,0.17031,0.22179,1,0.54519,0.17585,0.1,0.021429,0,0.17857,0.092857,0,0.32143,0.16429,0.12143,0.25362,0.028986,0.086957,0,0.057971,0.014493,0.21739,0.34058,0.35685,1.004,0.12199,180,14.879,85,84,0.0058834,0.34975,0.99507,0,0.9814,3,3,4,4,0,-1,-1,0,-0.00058651,0
2,3,0.4722,0.13147,0.23078,1,0.61093,0.1999,0.15596,0,0,0.18349,0.091743,0,0.34862,0.13761,0.082569,0.29907,0.0093458,0.1028,0.018692,0.11215,0.0093458,0.11215,0.33645,0.38211,1.0697,0.10682,180,16.867,63,65,0.0051241,0.23214,1,0,1,3,5,3,4,0,-1,0,-1,0,-0.0037453
1,2,0.25403,0.1463,0.25408,1,0.57176,0.52411,0.065934,0.032967,0,0.15385,0.076923,0,0.3956,0.17582,0.098901,0.31111,0.022222,0.044444,0.011111,0.2,0.022222,0.17778,0.21111,0.57318,1.1791,0.33689,154.84,19.808,40,60,0.067072,0.35102,1,0,1,3,3,2,3,-1,-1,1,-1,0.001173,-0.0012484
l
1,0,0,0,0.092323,1,0.5266,0.47081,0,0.14286,0.125,0.19643,0.071429,0,0.21429,0.125,0.125,0.45455,0,0.036364,0,0.10909,0,0.10909,0.29091,0.47081,0.55437,0.11539,87.758,14.757,24,32,0.015106,0.74684,1,0,0.93781,2,4,1,1,0,-1,0,0,0,0
1,1,0.010798,0.010798,0.084231,1,0.49001,0.44092,0,0.23404,0,0.23404,0,0,0.21277,0.10638,0.21277,0.43478,0,0.021739,0,0.21739,0,0.065217,0.26087,0.4397,0.56154,0.23115,88.206,15.715,24,25,0.012762,0.64789,1,0,0.88889,2,4,1,1,0,-1,1,1,0.00058651,0.0012484
1,1,0.047673,0.047673,0.08779,1,0.47332,0.45321,0,0.097561,0.14634,0.073171,0.12195,0,0.26829,0.17073,0.12195,0.4,0,0.025,0,0.175,0,0.05,0.35,0.45196,0.55123,0.054869,153.56,17.462,17,21,0.013071,0.89189,1,0,0.91414,2,4,1,1,-1,0,0,1,0,0.0012484
1,1,0.3586,0.3586,0.093712,1,0.5214,0.40843,0,0.22449,0.10204,0.16327,0,0,0.22449,0.081633,0.20408,0.4375,0,0.0625,0,0.1875,0,0.10417,0.20833,0.40841,0.56618,0.16223,115.16,8.733,23,30,0.013677,0.69737,0.96053,0,0.85827,2,4,2,1,0,-1,-1,0,-0.00058651,0
1,0,0,0,0.13001,1,0.5197,0.47069,0,0.078431,0.27451,0.098039,0.11765,0,0.19608,0.098039,0.13725,0.48,0,0.06,0,0.14,0.02,0.1,0.2,0.47069,0.63406,0.034386,84.251,22.845,17,26,0.022468,1,0.93277,0,0.87674,2,4,1,1,-1,-1,1,0,0.00058651,0
1,2,0.2212,0.00058651,0.084738,1,0.43464,0.42163,0.25,0,0,0.20833,0,0,0.22917,0.1875,0.125,0.14894,0,0.021277,0,0.14894,0,0.10638,0.57447,0.43459,0.52063,0.034077,90,14.581,25,29,0.010386,0.11765,0.98529,0,0.92042,3,5,3,1,0,-1,-1,0,-0.00058651,0
m
1,1,0.10137,0.10137,0.92403,1,0.5216,0.17347,0.10526,0.15789,0.14035,0.035088,0.12281,0.087719,0.10526,0.12281,0.12281,0,0,0,0,0.33929,0.035714,0.16071,0.46429,0.17484,0.6759,0.082855,90,13.277,23,30,0.031519,0,1,0.92053,1,1,2,1,3,1,0,1,-1,0.001173,-0.0024969
1,4,0.13913,0.0049938,0.78871,1,0.59732,0.13559,0.09375,0.21875,0.14063,0.03125,0.125,0.0625,0.10938,0.09375,0.125,0.079365,0,0.031746,0,0.39683,0.047619,0.11111,0.33333,0.13518,0.66234,0.095822,171.77,21.202,19,37,0.022504,0,1,1,0.94891,2,2,2,3,1,1,0,-1,0,-0.0049938
1,1,0.085108,0.085108,0.80017,1,0.59478,0.15771,0.10769,0.18462,0.15385,0.061538,0.12308,0.046154,0.061538,0.12308,0.13846,0.046875,0,0,0,0.39063,0.046875,0.14063,0.375,0.15795,0.78906,0.086511,83.301,16.936,21,40,0.034041,0,1,0.83871,1,2,2,2,3,1,1,0,-1,0,-0.0012484
1,2,0.12879,0.09194,0.82673,1,0.57713,0.18477,0.048387,0.22581,0.17742,0.032258,0.16129,0.032258,0.080645,0.14516,0.096774,0.016393,0,0,0,0.37705,0.098361,0.13115,0.37705,0.18477,0.91377,0.092,166.78,17.891,25,31,0.046916,0,1,0.98883,1,2,2,2,3,1,0,0,-1,0,-0.0049938
1,2,0.11584,0.10283,0.76107,1,0.58447,0.19072,0.08046,0.13793,0.17241,0.08046,0.14943,0.068966,0.068966,0.13793,0.10345,0.034884,0,0,0,0.39535,0.023256,0.15116,0.39535,0.19062,0.94651,0.13107,154.84,13.741,38,51,0.046691,0,1,1,0.94,2,2,2,3,1,1,0,-1,0,-0.0012484
1,2,0.18181,0.15089,0.74961,1,0.68963,0.29904,0.077922,0.20779,0.11688,0.051948,0.1039,0.051948,0.1039,0.15584,0.12987,0,0,0,0,0.40789,0.065789,0.10526,0.42105,0.29897,1.4865,0.19305,166.78,20.768,30,54,0.12499,0,1,1,0.95925,1,2,1,3,1,1,0,-1,0,-0.0012484
n
1,0,0,0,0.4361,1,0.60685,0.13635,0.15686,0.13725,0.15686,0.078431,0,0.11765,0.11765,0,0.23529,0,0,0,0,0.32,0.04,0.14,0.5,0.13694,0.66808,0.17559,88.318,13.983,21,28,0.029892,0,1,0.97211,1,1,1,1,2,1,0,1,0,0.00058651,0
1,0,0,0,0.46444,1,0.56809,0.16111,0.08,0.22,0.1,0.12,0,0.12,0.06,0,0.3,0,0,0,0,0.28571,0.040816,0.16327,0.5102,0.16251,0.64234,0.14404,79.758,16.277,22,33,0.030924,0,1,0.8289,1,1,1,1,2,1,1,1,-1,0.00058651,-0.0024969
1,3,0.22295,0.13134,0.42924,1,0.55981,0.28754,0.068966,0.15517,0.086207,0.18966,0,0.086207,0.18966,0,0.22414,0,0,0,0,0.35088,0.017544,0.052632,0.57895,0.28861,0.92892,0.065643,160.59,12.401,26,33,0.025785,0,1,0.28777,1,1,2,1,2,1,-1,0,-1,0,-0.0012484
1,3,0.29406,0.16003,0.43403,1,0.52202,0.36691,0.15942,0.18841,0.086957,0.17391,0,0.057971,0.15942,0,0.17391,0.088235,0,0.014706,0,0.32353,0.044118,0.13235,0.39706,0.36716,0.97459,0.108,180,18.309,20,39,0.029922,0,1,0.079585,1,2,2,2,2,1,-1,1,0,0.00058651,0
1,5,0.26891,0.13538,0.39423,1,0.51917,0.3467,0.14458,0.19277,0,0.22892,0,0.048193,0.20482,0,0.18072,0.073171,0,0.02439,0,0.30488,0.036585,0.13415,0.42683,0.34694,1.0028,0.10154,180,21.092,30,41,0.022844,0,1,0.11189,1,2,2,2,2,1,0,1,0,0.00058651,0
1,4,0.30974,0.16931,0.40725,1,0.50831,0.42962,0.28767,0.17808,0,0.17808,0.027397,0.027397,0.12329,0,0.17808,0.125,0,0.013889,0,0.30556,0.027778,0.097222,0.43056,0.42983,1.1711,0.11792,180,14.429,26,42,0.026075,0.053571,1,0.006192,1,2,2,2,2,1,-1,1,0,0.00058651,0
o
1,0,0,0,0.41165,1,0.7406,0.036247,0.10448,0.10448,0.29851,0.089552,0,0.1194,0.089552,0.13433,0.059701,0.13636,0.030303,0.12121,0.21212,0.25758,0,0.10606,0.13636,0.036375,0.61063,0.013554,90,18.392,12,41,0.018897,0.88136,0.84746,0.31188,0.16832,2,2,3,2,1,1,-1,0,-0.0017595,0
1,0,0,0,0.49368,1,0.79001,0.066964,0.12,0.1,0.28,0.08,0,0.12,0.14,0.06,0.1,0.10204,0.061224,0.12245,0.26531,0.16327,0.020408,0.081633,0.18367,0.066216,0.6047,0.0048754,90,20.821,9,32,0.018736,0.87097,0.7043,0.38418,0.096045,2,2,2,3,0,1,-1,-1,-0.0017595,-0.0012484
1,2,0.040116,0.026886,0.48927,1,0.75341,0.039823,0.11111,0.12963,0.22222,0.074074,0,0.12963,0.11111,0.14815,0.074074,0.13208,0.018868,0.16981,0.22642,0.15094,0.037736,0.11321,0.15094,0.040116,0.61133,0.011945,90,23.44,8,36,0.02063,0.9403,0.85075,0.36788,0.20725,2,2,2,2,0,0,-1,0,-0.001173,0
1,1,0.03264,0.03264,0.43986,1,0.74445,0.03499,0.072464,0.072464,0.44928,0.072464,0,0.086957,0.10145,0.086957,0.057971,0.10294,0.029412,0.25,0.14706,0.26471,0.029412,0.073529,0.10294,0.035322,0.65282,0.0088124,80.663,18.835,19,39,0.022364,0.81152,0.71728,0.28431,0.15196,2,2,3,2,1,1,-1,0,-0.001173,0
1,1,0.19841,0.19841,0.44555,1,0.90036,0.044356,0.089552,0.1194,0.40299,0.074627,0,0.074627,0.089552,0.074627,0.074627,0.12121,0.015152,0.22727,0.25758,0.19697,0.030303,0.045455,0.10606,0.04446,0.96708,0.027774,81.1,15.99,20,37,0.052705,0.86395,0.81633,0.21613,0.10323,2,2,2,2,-1,1,-1,0,-0.00058651,0
1,1,0.063709,0.063709,0.48727,1,0.75435,0.028521,0.10843,0.25301,0.15663,0.060241,0,0.096386,0.15663,0.072289,0.096386,0.085366,0.060976,0.19512,0.18293,0.17073,0.02439,0.13415,0.14634,0.02885,0.77759,0.076244,87.93,20.207,20,52,0.035683,0.64542,0.53386,0.11983,0.041322,2,2,2,2,0,1,-1,0,-0.00058651,0
p
2,3,0.32468,0.074927,0.2054,1,0.64115,0.18286,0.2619,0.047619,0.14286,0.2619,0.035714,0.059524,0.19048,0,0,0.35366,0.02439,0.097561,0.012195,0.085366,0.036585,0.036585,0.35366,0.36819,0.97149,0.047659,90,7.8374,55,46,0.011369,0.19487,0.066667,0,0.41704,3,5,2,3,0,-1,0,1,0,0.0012484
2,1,0.027522,0.027522,0.21889,1,0.59157,0.15903,0.21176,0.070588,0.15294,0.25882,0.10588,0.047059,0.15294,0,0,0.37349,0.084337,0.19277,0,0.096386,0.024096,0.036145,0.19277,0.35928,0.98689,0.041755,90,7.7396,52,44,0.011099,0.29717,0.15566,0.017582,0.42418,3,3,2,2,0,-1,-1,0,-0.0029326,0
2,4,0.41076,0.16736,0.10755,1,0.65808,0.18481,0.23529,0.078431,0.15686,0.27451,0.068627,0.039216,0.14706,0,0,0.12,0.03,0.18,0.01,0.09,0.01,0.05,0.51,0.40953,1.0639,0.037974,90,10.505,61,53,0.0089144,0.048,0,0.065934,0.39744,4,6,4,2,1,0,-1,0,-0.001173,0
2,1,0.21608,0.21608,0.1895,1,0.69627,0.17613,0.21212,0.030303,0.23232,0.25253,0.11111,0.010101,0.15152,0,0,0.23711,0.030928,0.18557,0.041237,0.010309,0.051546,0.041237,0.40206,0.38213,0.96382,0.056531,76.781,7.9679,69,55,0.010216,0.078125,0.078125,0.010504,0.34244,3,3,3,3,0,-1,-1,0,-0.001173,0
2,3,0.16734,0.0087587,0.12388,1,0.68607,0.20977,0.20482,0.060241,0.21687,0.24096,0.048193,0.024096,0.20482,0,0,0.33333,0.049383,0.08642,0,0.037037,0.024691,0.098765,0.37037,0.41275,0.90566,0.030938,60.588,7.3701,52,49,0.0069911,0.22308,0.16154,0,0.37525,4,3,3,2,0,-1,-1,0,-0.00058651,0
2,2,0.39086,0.39086,0.18644,1,0.65868,0.20505,0.15556,0.11111,0.15556,0.24444,0.077778,0.088889,0.16667,0,0,0.40909,0.034091,0.18182,0,0.079545,0.034091,0.034091,0.22727,0.41907,1.065,0.044957,83.301,11.986,44,45,0.012787,0.35149,0.074257,0.0019646,0.38507,3,5,2,3,-1,-1,0,0,0,0
q
1,2,0.46568,0.055739,0.1704,1,0.5906,0.42608,0.12222,0.11111,0.24444,0.044444,0.055556,0.11111,0,0.13333,0.17778,0.29213,0.011236,0.078652,0.05618,0.30337,0,0.078652,0.17978,0.42481,1.1908,0.10466,133.22,18.848,33,58,0.031267,0.80226,0.9661,0.18238,0.8791,3,3,3,3,0,1,-1,1,-0.00058651,0.0012484
1,2,0.15904,0.091257,0.12724,1,0.62343,0.35853,0.13333,0.12,0.28,0.04,0.08,0.013333,0,0.17333,0.16,0.27027,0,0.094595,0.040541,0.31081,0.013514,0.040541,0.22973,0.35851,1.0358,0.058056,154.84,20.641,24,47,0.016913,0.79487,0.97436,0.1713,0.83565,3,3,4,3,1,1,-1,0,-0.00058651,0
1,4,0.51563,0.23975,0.16594,1,0.62794,0.51314,0.15909,0.090909,0.38636,0.034091,0.011364,0.125,0,0,0.19318,0.068966,0.022989,0.057471,0.034483,0.25287,0.011494,0.034483,0.51724,0.51563,0.91926,0.081777,180,11.275,35,48,0.013252,0.94156,1,0.052752,1,3,2,2,3,0,0,0,-1,0,-0.0024969
1,2,0.38667,0.15826,0.19842,1,0.67795,0.44139,0.11818,0.10909,0.25455,0.072727,0.072727,0.045455,0,0.17273,0.15455,0.30275,0.018349,0.073394,0.045872,0.33945,0.0091743,0.073394,0.13761,0.43889,1.374,0.15684,171.1,17.77,37,70,0.037712,0.81166,1,0.10227,0.76705,3,3,2,3,-1,1,0,1,0,0.0024969
1,4,0.41763,0.0046921,0.21644,1,0.60417,0.38002,0.14167,0.075,0.275,0.066667,0.10833,0.058333,0,0.16667,0.10833,0.2605,0.016807,0.11765,0.058824,0.27731,0.02521,0.067227,0.17647,0.37991,1.282,0.10526,133.22,16.847,48,72,0.038271,0.68664,0.96313,0.13163,0.77495,3,3,4,3,0,1,-1,0,-0.001173,0
1,2,0.40876,0.1527,0.21124,1,0.59182,0.34855,0.10101,0.080808,0.33333,0.10101,0.020202,0.11111,0,0.090909,0.16162,0.29592,0.010204,0.081633,0.061224,0.26531,0.040816,0.081633,0.16327,0.34847,1.0701,0.099225,118.02,17.512,29,64,0.02213,0.8125,0.90625,0.21311,0.86651,3,3,4,3,1,1,-1,0,-0.002346,0
r
1,1,0.38937,0.38937,0.17904,1,0.8034,0.076126,0.17021,0.12766,0.17021,0.17021,0.085106,0,0.2766,0,0,0.17391,0,0.021739,0,0.47826,0,0.065217,0.26087,0.076637,0.74885,0.050724,168.1,14.921,17,29,0.012506,0.025641,1,0.09772,0,2,4,2,1,1,0,1,0,0.00058651,0
1,2,0.47503,0.27865,0.22797,1,0.8493,0.11628,0.081633,0.10204,0.20408,0.28571,0.020408,0,0.30612,0,0,0.1875,0,0,0,0.5625,0,0.0625,0.1875,0.11628,0.90506,0.081406,180,12.022,28,22,0.017494,0,1,0.10188,0,2,4,2,1,1,-1,0,0,0,0
1,2,0.26987,0.17531,0.19985,1,0.71554,0.11543,0.11111,0.092593,0.12963,0.25926,0,0,0.40741,0,0,0.11321,0,0.018868,0.056604,0.50943,0.018868,0.037736,0.24528,0.11753,0.71568,0.053878,82.355,8.8646,23,30,0.0073852,0,1,0.22222,0,2,4,2,1,1,0,1,1,0.0017595,0.0012484
1,2,0.54046,0.36024,0.29432,1,0.94689,0.1596,0.13514,0.10811,0.17568,0.2027,0.054054,0,0.32432,0,0,0.10959,0,0,0,0.49315,0.027397,0.068493,0.30137,0.16017,1.0562,0.13429,180,12.832,42,39,0.030757,0,1,0.073286,0,2,4,2,1,1,-1,1,0,0.00058651,0
1,2,0.542,0.029728,0.25806,1,0.88345,0.1368,0.17647,0.10294,0.19118,0.22059,0.029412,0,0.27941,0,0,0.16418,0,0,0,0.37313,0.059701,0.044776,0.35821,0.13727,1.0943,0.1167,174.63,11.873,34,44,0.03102,0,1,0.014085,0.0093897,2,2,2,2,1,0,1,-1,0.00058651,-0.0037453
1,2,0.55081,0.47184,0.25005,1,0.92759,0.14971,0.125,0.09375,0.1875,0.23438,0.046875,0,0.3125,0,0,0.079365,0,0,0.079365,0.44444,0.015873,0.047619,0.33333,0.15078,1.0425,0.11742,162.61,10.576,32,34,0.023649,0,1,0.12212,0,2,4,2,1,1,0,1,1,0.00058651,0.0012484
s
1,0,0,0,0.24221,1,0.55093,0.29953,0.17722,0.13924,0.11392,0.025316,0.088608,0.088608,0.12658,0.063291,0.17722,0.15385,0.051282,0.26923,0.089744,0.051282,0,0.051282,0.33333,0.29729,0.54928,0.13334,90,19.45,15,47,0.025784,0.93289,0,0.11419,0.90657,2,2,2,2,0,1,-1,1,-0.00058651,0.0024969
1,1,0.11455,0.11455,0.28217,1,0.48151,0.32219,0,0.21154,0.11538,0,0.11538,0.096154,0.19231,0.057692,0.21154,0.21569,0.058824,0.19608,0.15686,0.039216,0,0,0.33333,0.32182,0.59555,0.13014,53.563,13.668,6,34,0.036232,0.98953,0,0.037736,0.79874,2,2,2,2,-1,1,-1,1,-0.002346,0.0012484
1,2,0.40549,0.1875,0.24452,1,0.53392,0.40549,0.11594,0.11594,0.14493,0,0.086957,0.043478,0.15942,0.057971,0.27536,0.14706,0.10294,0.17647,0.13235,0.10294,0,0.014706,0.32353,0.40549,0.78127,0.20614,71.45,14.327,18,37,0.05598,0.98611,0,0.12048,0.86506,2,2,2,2,0,0,0,0,0,0
1,1,0.18827,0.18827,0.25695,1,0.56762,0.51293,0.21569,0.11765,0.088235,0,0.088235,0.068627,0.13725,0.098039,0.18627,0.09901,0.12871,0.23762,0.13861,0.039604,0,0.049505,0.30693,0.50934,1.0887,0.26164,82.355,21.974,26,56,0.10392,0.84158,0,0.059567,0.76354,2,2,2,2,0,1,0,1,0,0.0037453
1,1,0.49767,0.49767,0.21509,1,0.51954,0.4756,0.17204,0.075269,0.11828,0.021505,0.096774,0.086022,0.12903,0.086022,0.21505,0.21739,0.054348,0.17391,0.1413,0.054348,0,0.021739,0.33696,0.4756,0.92584,0.24779,81.1,12.188,24,62,0.068582,0.98684,0,0.12651,0.86145,2,2,3,2,0,1,0,0,0,0
1,1,0.39045,0.39045,0.21692,1,0.51709,0.38906,0.19318,0.079545,0.14773,0.034091,0.10227,0.056818,0.125,0.079545,0.18182,0.2069,0.045977,0.16092,0.13793,0.068966,0,0.022989,0.35632,0.38786,0.74797,0.18241,74.258,13.594,25,53,0.046948,1,0,0.1284,0.8642,2,2,2,2,0,1,0,1,0,0.0012484
t
2,0,0,0,0.24852,1,0.63803,0.22944,0,0.14706,0,0.13725,0.20588,0.10784,0,0.19608,0.20588,0.22,0,0,0,0.19,0.18,0.21,0.2,0.28748,0.81363,0.0065114,86.416,11.991,75,67,0.01097,0,0.97807,0.45708,0.80742,3,7,2,2,1,0,0,0,0,0
2,0,0,0,0.24507,1,0.55907,0.35099,0,0.16,0,0.12,0.28,0.07,0,0.19,0.18,0.15306,0,0,0,0.091837,0.10204,0.28571,0.36735,0.34687,0.82715,0.013538,88.206,7.4071,106,58,0.012665,0,1,0.38763,0.9134,3,5,2,2,1,0,1,0,0.00058651,0
2,3,0.24501,0.084646,0.26237,1,0.60212,0.26551,0,0.14286,0,0.13333,0.19048,0.1619,0,0.15238,0.21905,0.20388,0,0.029126,0,0.20388,0.067961,0.34951,0.14563,0.293,0.77165,0.004108,90,15.9,62,65,0.010708,0,0.97009,0.41527,0.85442,3,7,3,2,1,-1,0,0,0,0
2,0,0,0,0.31639,1,0.58393,0.27605,0,0.094595,0.067568,0.14865,0.21622,0.12162,0,0.10811,0.24324,0.25,0,0.041667,0,0.13889,0.15278,0.29167,0.125,0.28638,0.73922,0.018605,103.22,11.751,48,53,0.010619,0,0.97348,0.39796,0.86735,3,5,3,2,1,0,-1,0,-0.002346,0
2,1,0.22397,0.22397,0.24383,1,0.72188,0.11203,0,0.15942,0,0.11594,0.14493,0.15942,0,0.23188,0.18841,0.28358,0.014925,0.059701,0,0.16418,0.029851,0.29851,0.14925,0.24237,0.69858,0.10174,98.9,12.273,46,35,0.0093959,0.60733,1,0,0.3587,3,4,3,4,-1,-1,0,-1,0,-0.0024969
2,1,0.12289,0.12289,0.32253,1,0.61507,0.22768,0,0.21795,0.076923,0.11538,0.21795,0.012821,0,0.12821,0.23077,0.13158,0,0.026316,0,0.18421,0.18421,0.092105,0.38158,0.28181,0.7543,0.030949,144.83,10.641,56,45,0.010728,0,0.98113,0.47927,0.82902,4,3,4,3,1,1,-1,0,-0.00058651,0
u
1,3,0.23645,0.001173,0.61376,1,0.66363,0.26561,0.088235,0.088235,0.22059,0.058824,0.073529,0.088235,0.14706,0.029412,0.20588,0.044776,0,0.029851,0,0.31343,0,0.1194,0.49254,0.2653,0.70218,0.091146,180,12.517,24,43,0.025151,0.016461,0.99177,0.026882,1,2,2,2,2,0,-1,-1,0,-0.00058651,0
1,1,0.20268,0.20268,0.40969,1,0.53558,0.38987,0.11628,0,0.11628,0.093023,0,0.17442,0.17442,0.069767,0.25581,0.30588,0,0.011765,0,0.22353,0,0.16471,0.29412,0.39105,1.025,0.18264,90,13.073,36,50,0.050347,0.10811,0.99614,0,0.9899,3,2,3,2,-1,-1,0,-1,0,-0.0012484
1,2,0.22737,0.19807,0.58312,1,0.54993,0.30749,0.063291,0.037975,0.16456,0.063291,0.16456,0,0.13924,0.11392,0.25316,0.16667,0,0,0.051282,0.26923,0.051282,0.16667,0.29487,0.30501,0.90609,0.16115,129.67,21.019,28,44,0.04004,0.13428,0.99293,0,0.94737,3,5,3,2,0,-1,-1,1,-0.00058651,0.0024969
1,2,0.19446,0.11353,0.64225,1,0.69756,0.33557,0.10843,0,0.19277,0.096386,0.048193,0.096386,0.16867,0.096386,0.19277,0.13415,0,0.036585,0,0.26829,0.02439,0.15854,0.37805,0.33588,0.93424,0.14627,90,16.842,32,49,0.047848,0.061728,1,0,0.96203,3,2,2,2,0,-1,1,0,0.00058651,0
1,4,0.30264,0.001173,0.54476,1,0.61526,0.37595,0.11364,0.011364,0.19318,0.10227,0.068182,0.079545,0.10227,0.11364,0.21591,0.11494,0,0.034483,0,0.27586,0.011494,0.10345,0.45977,0.37566,1.0336,0.14505,180,17.109,41,57,0.051376,0.030581,0.99388,0,0.92908,3,2,3,2,0,-1,-1,0,-0.00058651,0
1,1,0.18159,0.18159,0.54137,1,0.62406,0.35773,0.13953,0,0.2093,0.081395,0.05814,0.11628,0.11628,0.081395,0.19767,0.12941,0,0.023529,0,0.24706,0.011765,0.10588,0.48235,0.35852,0.99388,0.13083,115.16,13.073,32,51,0.046607,0.061017,1,0,1,3,2,2,2,0,-1,1,0,0.0017595,0
v
1,2,0.14078,0.13978,0.46556,1,0.75407,0.21666,0.35526,0.052632,0.19737,0,0.065789,0.078947,0,0.078947,0.17105,0.066667,0.013333,0.013333,0.04,0.49333,0.066667,0.08,0.22667,0.21666,0.97956,0.015965,84.632,16.858,24,41,0.049113,0,1,0.27928,0.045045,2,2,2,2,1,0,0,0,0,0
1,1,0.17845,0.17845,0.65594,1,0.85461,0.29098,0.31746,0,0.12698,0.2381,0,0.047619,0,0.20635,0.063492,0.096774,0,0.016129,0.032258,0.3871,0.048387,0.19355,0.22581,0.29154,1.0189,0.035153,87.896,17.884,20,37,0.058978,0,1,0.43396,0.10377,2,2,2,2,1,0,0,1,0,0.0012484
1,1,0.16817,0.16817,0.48021,1,0.82395,0.23784,0.37879,0,0.16667,0.12121,0,0.075758,0,0.24242,0.015152,0.030769,0,0,0,0.46154,0.015385,0.076923,0.41538,0.23836,1.0384,0.045661,90,13.79,25,33,0.053779,0,1,0.31302,0.091413,2,2,2,2,1,1,0,1,0,0.0012484
1,0,0,0,0.41438,1,0.76264,0.25089,0.4125,0,0.175,0.15,0,0.075,0.025,0.1625,0,0.025316,0.050633,0.050633,0,0.4557,0,0.025316,0.39241,0.25134,1.1346,0.05837,90,10.116,37,45,0.046639,0,1,0.41287,0.067024,2,2,2,2,1,1,1,0,0.00058651,0
1,3,0.21428,0.039614,0.46502,1,0.7193,0.1717,0.10606,0,0.27273,0.15152,0.075758,0.060606,0.22727,0.10606,0,0,0,0,0,0.50769,0,0.076923,0.41538,0.17242,0.7452,0.17139,90,13.816,28,33,0.03397,0,1,0.054237,0,1,3,1,1,0,-1,1,1,0.00058651,0.0012484
1,2,0.4694,0.26179,0.56402,1,0.80176,0.24757,0.125,0,0.20313,0.15625,0.046875,0.046875,0.28125,0.14063,0,0,0,0,0,0.44444,0,0.11111,0.44444,0.24772,0.88764,0.2189,84.04,21.524,24,39,0.056911,0,1,0.071633,0,1,3,1,1,0,-1,0,1,0,0.0012484
w
1,3,0.30785,0.12462,0.77061,1,0.71738,0.24286,0.064815,0.18519,0.11111,0.17593,0.074074,0.064815,0.14815,0.14815,0.027778,0.018692,0,0,0,0.43925,0,0.065421,0.47664,0.24344,1.2076,0.164,180,15.241,62,61,0.072629,0.0024096,1,0.01581,0.071146,3,5,2,2,0,-1,1,0,0.00058651,0
1,5,0.42514,0.12276,0.59664,1,0.75523,0.22499,0.086957,0.15652,0.11304,0.13043,0.10435,0.069565,0.15652,0.086957,0.095652,0,0,0,0,0.49123,0,0.052632,0.45614,0.22499,1.457,0.18053,166.78,16.215,58,69,0.08028,0,1,0.07,0,1,3,1,2,0,-1,0,0,0,0
1,3,0.43455,0.0024969,0.65884,1,0.76937,0.27515,0.084034,0.15966,0.10924,0.10924,0.11765,0.07563,0.16807,0.02521,0.15126,0,0,0,0,0.49153,0,0.042373,0.4661,0.2754,1.5702,0.18907,162.61,15.008,59,71,0.10937,0,1,0.069069,0,1,3,1,2,1,-1,0,1,0,0.0024969
1,3,0.46261,0.034214,0.7011,1,0.77101,0.29168,0.063063,0.16216,0.12613,0.072072,0.18018,0.054054,0.18018,0.009009,0.15315,0,0,0,0,0.50909,0,0.036364,0.45455,0.29217,1.405,0.18495,129.67,12.419,47,54,0.1011,0,1,0.14373,0,1,3,1,2,0,-1,0,1,0,0.0024969
1,6,0.35189,0.12791,0.72732,1,0.77012,0.28546,0.053571,0.1875,0.125,0.080357,0.11607,0.080357,0.17857,0.017857,0.16071,0,0,0,0,0.51351,0,0.054054,0.43243,0.28619,1.3383,0.14692,180,19.016,42,61,0.094302,0,1,0.22591,0,1,3,1,2,0,-1,0,1,0,0.0024969
1,3,0.27544,0.009218,0.9032,1,0.7816,0.33984,0.2,0.10435,0.10435,0.14783,0.10435,0.043478,0.069565,0.095652,0.13043,0.052632,0,0.035088,0.0087719,0.4386,0.017544,0.11404,0.33333,0.34237,1.4304,0.033228,90,15.054,45,66,0.11156,0,1,0.34155,0,2,4,2,3,1,0,1,1,0.0017595,0.0024969
x
2,2,0.37875,0.33604,0.40931,1,0.37122,0.24227,0.076923,0.098901,0.28571,0.032967,0.14286,0.010989,0.076923,0.032967,0.24176,0.21348,0,0.067416,0.05618,0.26966,0.033708,0.11236,0.24719,0.32567,1.0325,0.0081018,90,21.985,31,44,0.014401,0,0.20619,0.37126,0.9491,3,4,2,3,1,1,0,-1,0,-0.0012484
2,0,0,0,0.32014,1,0.42596,0.34687,0.21429,0.057143,0.2,0,0.15714,0.014286,0.11429,0.042857,0.2,0.36765,0,0.044118,0,0.16176,0,0.073529,0.35294,0.39369,1.0227,0.023417,90,17.649,27,44,0.0094297,0,0.18699,0.20499,0.97507,2,3,2,3,0,1,0,-1,0,-0.0012484
2,1,0.40447,0.40447,0.28423,1,0.43819,0.33958,0.21622,0.027027,0.16216,0,0.17568,0,0.21622,0,0.2027,0.31944,0,0.013889,0,0.16667,0,0.125,0.375,0.38295,0.88301,0.069907,90,22.396,18,33,0.0043748,0,0.020725,0.12539,0.98746,2,3,2,3,1,1,0,-1,0,-0.0037453
2,2,0.37521,0.28329,0.38772,1,0.56603,0.32475,0.15833,0.041667,0.225,0,0.125,0,0.21667,0.058333,0.175,0.23729,0,0.12712,0.059322,0.24576,0.033898,0.042373,0.25424,0.34587,1.0362,0.076729,180,19.769,42,63,0.012783,0.065693,0,0.18072,0.96386,3,4,2,4,1,1,-1,0,-0.00058651,0
2,1,0.32668,0.32668,0.40221,1,0.33405,0.27971,0.2,0.058824,0.27059,0,0.15294,0.011765,0.14118,0.023529,0.14118,0.33735,0,0.060241,0.060241,0.16867,0,0.084337,0.28916,0.29934,0.87535,0.043186,90,17.4,32,47,0.0093776,0,0.18443,0.21754,1,2,3,2,3,1,0,-1,0,-0.00058651,0
2,2,0.30257,0.16735,0.43692,1,0.49687,0.30267,0.19318,0.056818,0.21591,0,0.17045,0,0.15909,0.011364,0.19318,0.23256,0.011628,0.081395,0.069767,0.25581,0.034884,0.081395,0.23256,0.33533,1.1294,0.050705,90,20.636,23,41,0.017274,0,0.094044,0.23615,0.94169,3,4,2,4,1,0,-1,0,-0.00058651,0
y
1,1,0.15589,0.15589,0.3293,1,0.72187,0.13456,0.21053,0.026316,0.21053,0,0.078947,0.21053,0,0.14474,0.11842,0.21333,0.013333,0.04,0.04,0.42667,0.013333,0.053333,0.2,0.13407,1.1091,0.023662,171.1,19.426,28,45,0.052552,0,0.84889,0.31776,0.50156,4,3,5,3,1,1,-1,0,-0.00058651,0
1,2,0.25718,0.25237,0.25558,1,0.76041,0.1491,0.078431,0.16667,0.23529,0.019608,0.019608,0.20588,0,0.18627,0.088235,0.23762,0.009901,0.059406,0.059406,0.42574,0.009901,0.069307,0.12871,0.1491,1.4677,0.055799,180,22.767,36,62,0.072512,0,1,0.37923,0.46501,4,3,4,3,1,1,0,0,0,0
1,2,0.28832,0.25382,0.32045,1,0.83505,0.2451,0.12308,0.16154,0.16154,0,0.13077,0.17692,0,0.13846,0.10769,0.16279,0.015504,0.031008,0.054264,0.35659,0.03876,0.093023,0.24806,0.24354,1.7833,0.046277,180,13.967,55,81,0.13193,0,1,0.19158,0.44842,4,6,4,3,1,0,0,1,0,0.0024969
1,5,0.25544,0.16106,0.2799,1,0.91106,0.24619,0.21739,0.069565,0.17391,0.034783,0.06087,0.17391,0,0.2,0.069565,0.13158,0.0087719,0.04386,0.052632,0.42105,0.0087719,0.070175,0.26316,0.24556,1.3489,0.076816,180,18.251,49,73,0.081891,0,1,0.077103,0.44159,4,6,4,3,1,-1,1,1,0.00058651,0.0012484
1,1,0.098653,0.098653,0.22253,1,0.66282,0.33464,0.12903,0,0.25806,0.15054,0.053763,0.096774,0.19355,0.053763,0.064516,0.31522,0.021739,0.065217,0.054348,0.3587,0.01087,0.054348,0.11957,0.33467,1.3286,0.14578,107.39,17.172,35,52,0.074938,0.24537,0.30556,0,0.58772,3,5,2,2,-1,-1,1,0,0.001173,0
1,1,0.30014,0.30014,0.22604,1,0.58893,0.29611,0,0.13793,0.32184,0.12644,0.045977,0.057471,0.17241,0.091954,0.045977,0.2907,0.05814,0,0.081395,0.34884,0.011628,0.034884,0.17442,0.29362,1.2811,0.10707,180,11.837,33,56,0.06294,0.40553,0.31336,0,0.52106,3,5,2,2,-1,-1,0,1,0,0.0024969
z
2,4,0.18917,0.09661,0.49962,1,0.63441,0.16036,0.067308,0.057692,0.18269,0,0.17308,0.038462,0.22115,0.096154,0.16346,0.22549,0,0.068627,0.0098039,0.04902,0.04902,0.43137,0.16667,0.28088,0.93104,0.10665,180,12.823,103,50,0.034259,0.24478,0.79701,0,0.73016,3,5,4,3,1,0,1,0,0.001173,0
2,2,0.27912,0.098818,0.59018,1,0.71593,0.19321,0.081081,0.081081,0.13514,0,0.16216,0,0.25225,0.063063,0.22523,0.24771,0.018349,0.055046,0,0.055046,0.082569,0.41284,0.12844,0.30493,1.0594,0.12221,180,13.227,108,67,0.039651,0.16418,0.74627,0,0.725,3,4,4,4,1,0,1,0,0.00058651,0
1,0,0,0,0.6569,1,0.71203,0.30813,0.088608,0.075949,0.21519,0,0.10127,0.012658,0.27848,0.10127,0.12658,0.28205,0.012821,0.038462,0,0.012821,0.15385,0.42308,0.076923,0.3092,0.68798,0.16175,90,17.012,31,47,0.04926,0.16718,1,0,0.92208,2,4,2,4,1,0,0,-1,0,-0.0012484
2,1,0.17143,0.17143,0.54643,1,0.61775,0.18518,0.1,0.058333,0.15833,0.05,0.13333,0,0.24167,0.066667,0.19167,0.21186,0.016949,0.042373,0,0.0084746,0.20339,0.38983,0.12712,0.27015,0.97168,0.096867,133.22,15.54,100,69,0.031589,0.10366,0.7378,0.049645,0.72695,3,4,4,4,1,0,0,-1,0,-0.0024969
1,3,0.32212,0.17009,0.53231,1,0.57386,0.35494,0.070707,0.090909,0.21212,0,0.080808,0.010101,0.27273,0.10101,0.16162,0.29592,0.010204,0.061224,0,0.040816,0.091837,0.46939,0.030612,0.3561,0.70923,0.18609,180,21.709,39,54,0.053174,0.18792,0.97651,0,1,2,2,3,2,1,0,0,-1,0,-0.0012484
2,3,0.2035,0.040985,0.61119,1,0.65832,0.16275,0.096,0.072,0.16,0.024,0.144,0.024,0.224,0.056,0.2,0.25203,0.0081301,0.065041,0,0.0081301,0.097561,0.43902,0.13008,0.22619,0.7731,0.077538,180,13.063,105,71,0.019568,0.018657,0.91418,0,0.80583,4,5,4,4,1,-1,-1,-1,-0.00058651,-0.0012484

