da1 = [1,2,0.3248,0.2762,0.080034,1,0.47727,0.43151,0,0,0.32653,0,0.16327,0.16327,0.30612,0.040816,0,0.5,0.020833,0,0,0.041667,0,0,0.4375,0.43435,0.43663,0.0054996,15.973,7.8207,20,28,0.0029477,0.97059,0,0,1,1,1,2,1,0,-1,0,-1,0,-0.002849
1,2,0.36927,0.32751,0.16021,1,0.47338,0.38507,0,0,0.37705,0,0.31148,0.032787,0.22951,0.04918,0,0.61667,0.016667,0,0,0.033333,0,0,0.33333,0.38663,0.39034,0.00016668,25.504,10.076,15,34,0.0038023,1,0,0,1,1,1,1,1,0,-1,-1,-1,-0.0010194,-0.0014245
1,1,0.0017517,0.0017517,0.09952,1,0.43081,0.41815,0,0.13889,0.16667,0.083333,0.16667,0,0.44444,0,0,0.71429,0,0,0,0.028571,0,0,0.25714,0.43232,0.43377,0.0055029,13.899,4.4074,16,21,0.00322,1,0,0,1,1,1,1,1,-1,-1,-1,-1,-0.0010194,-0.0014245
1,0,0,0,0.1363,1,0.48165,0.45653,0,0,0.22,0,0.26,0.06,0.36,0.1,0,0.67347,0,0.020408,0,0,0,0,0.30612,0.48306,0.48733,0.0013875,90,10.155,16,33,0.0045741,1,0,0,1,1,1,1,1,-1,-1,0,-1,0,-0.0014245
1,1,0.18968,0.18968,0.029208,1,0.42029,0.4174,0,0.04,0.3,0,0.04,0.24,0.14,0.24,0,0.18367,0,0,0,0.020408,0,0,0.79592,0.41882,0.42045,0.011837,17.05,3.4883,28,26,0.0025637,0.33333,0,0,1,1,1,2,1,1,-1,0,-1,0,-0.0014245
1,1,0.193,0.193,0.092106,1,0.43203,0.39341,0,0.096154,0.25,0,0.30769,0,0.32692,0.019231,0,0.5098,0,0,0,0.019608,0,0,0.47059,0.43345,0.43523,0.00043497,19.687,5.2889,23,28,0.0032781,1,0,0,1,1,1,1,1,0,-1,0,-1,0,-0.0014245
1,0,0,0,0.073448,1,0.48422,0.38777,0,0,0.34211,0,0.21053,0.052632,0.34211,0.052632,0,0.62162,0,0.027027,0,0,0,0,0.35135,0.48706,0.49075,0.0026998,90,8.4934,17,23,0.0032904,1,0,0,1,1,1,1,1,0,-1,0,-1,0,-0.002849
1,2,0.47589,0.34194,0.021298,1,0.47447,0.43333,0,0.10606,0.25758,0.22727,0.030303,0,0.37879,0,0,0.12308,0,0,0,0.030769,0,0,0.84615,0.47874,0.47938,0.00037954,13.416,1.7204,49,18,0.0020402,1,0,0,1,1,1,1,1,0,-1,0,-1,0,-0.0042735
1,1,0.29802,0.29802,0.050026,1,0.4663,0.46498,0,0.13725,0.17647,0.11765,0.21569,0,0.35294,0,0,0.32,0,0.02,0,0.02,0,0,0.64,0.46925,0.4729,0.0011018,90,6.535,28,33,0.0033747,1,0,0,1,1,1,1,1,0,-1,0,-1,0,-0.0042735
1,1,0.15539,0.15539,0.028981,1,0.45603,0.4272,0,0,0.38,0,0.12,0.22,0.24,0.04,0,0.20408,0,0,0,0.020408,0,0,0.77551,0.45746,0.45864,0.0015192,35.587,3.8315,30,26,0.0023582,1,0,0,1,1,1,1,1,0,-1,0,-1,0,-0.0014245
1,1,0.37964,0.37964,0.074541,1,0.47712,0.44826,0,0.14706,0.23529,0.16176,0.13235,0,0.32353,0,0,0.34328,0,0.044776,0,0.014925,0,0,0.59701,0.47996,0.48737,0.0040745,90,13.574,29,45,0.004654,1,0,0,1,1,1,1,1,-1,-1,0,-1,0,-0.002849
1,1,0.36453,0.36453,0.075897,1,0.46718,0.44026,0,0,0.34694,0,0.20408,0.081633,0.28571,0.081633,0,0.54167,0,0,0,0.020833,0,0,0.4375,0.47144,0.47309,0.0034044,18.703,5.1407,20,28,0.0033253,1,0,0,1,1,1,1,1,0,-1,0,-1,0,-0.0042735
1,1,0.29501,0.29501,0.020001,1,0.51819,0.45728,0.16667,0.19048,0,0.30952,0,0,0.02381,0.11905,0.19048,0.073171,0,0,0,0.02439,0,0,0.90244,0.45871,0.45997,0.013904,23.237,3.4244,28,13,0.0024482,0.55556,1,0,1,2,1,1,1,0,-1,0,-1,0,-0.0014245
1,0,0,0,0.072861,1,0.55802,0.38851,0,0.051724,0.31034,0,0.32759,0,0.24138,0.068966,0,0.35088,0,0,0,0,0,0,0.64912,0.39278,0.39491,0.0011477,35.587,6.8321,25,49,0.0033376,1,0,0,1,1,1,1,1,0,-1,0,-1,0,-0.0042735
1,0,0,0,0.10414,1,0.52701,0.38362,0,0.084746,0.20339,0.033898,0.30508,0,0.37288,0,0,0.44828,0,0.017241,0,0,0,0,0.53448,0.38383,0.38814,0.0043741,25.504,9.3046,21,41,0.004227,1,0,0,1,1,1,1,1,-1,-1,-1,0,-0.0020387,0
1,1,0.075609,0.075609,0.1559,1,0.44442,0.39914,0,0.1,0.22,0.16,0.14,0,0.38,0,0,0.63265,0,0,0,0.020408,0,0.020408,0.32653,0.40337,0.40887,0.002455,90,10.792,19,22,0.0045581,0.96721,0,0,1,1,1,2,1,1,0,0,-1,0,-0.0042735
1,0,0,0,0.05374,1,0.59368,0.35776,0.28571,0.017857,0,0.17857,0.125,0.017857,0,0,0.375,0.090909,0,0.018182,0,0,0,0.018182,0.87273,0.36061,0.36596,0.01035,90,12.494,30,36,0.0027808,0.36842,1,0,1,2,1,1,1,-1,-1,0,-1,0,-0.002849
1,1,0.28713,0.28713,0.090058,1,0.52817,0.41551,0,0,0.37209,0,0.13953,0.18605,0.25581,0.046512,0,0.5,0,0,0,0.02381,0,0.02381,0.45238,0.41977,0.42455,0.017428,90,9.9157,14,26,0.0042996,0.75676,0,0,1,1,1,2,1,1,-1,0,-1,0,-0.0042735
1,0,0,0,0.028624,1,0.59027,0.39047,0.095238,0.047619,0.30159,0,0.28571,0.015873,0,0.12698,0.12698,0.080645,0,0,0,0,0,0.016129,0.90323,0.3919,0.39698,0.043248,90,12.102,34,35,0.0027866,0,1,0,1,2,1,2,1,0,-1,0,-1,0,-0.0014245
1,1,0.44303,0.44303,0.049351,1,0.65821,0.45173,0.078125,0.20313,0.125,0,0,0.29688,0,0.14063,0.15625,0.12698,0,0,0,0.015873,0,0.031746,0.8254,0.45458,0.46091,0.0034786,54.413,8.3291,29,43,0.0052696,0,0.54545,0,1,1,1,2,1,1,0,0,-1,0,-0.002849
1,1,0.16241,0.16241,0.11628,1,0.50365,0.44692,0,0.032258,0.37097,0.096774,0.16129,0,0.33871,0,0,0.44262,0,0,0,0.016393,0.032787,0.13115,0.37705,0.44685,0.48819,0.010251,90,10.788,26,39,0.0076721,0.80769,0.25,0,0.97813,2,4,2,1,1,0,1,0,0.0010194,0
1,1,0,0,0.060088,1,0.6201,0.37389,0.40426,0,0,0.23404,0,0,0,0.14894,0.21277,0,0,0,0,0.021739,0,0,0.97826,0.37389,0.37532,0.0023216,19.687,4.9056,27,23,0.0024707,0,1,0,1,1,1,1,1,0,-1,0,0,0,0
1,1,0,0,0.060088,1,0.6201,0.37389,0.40426,0,0,0.23404,0,0,0,0.14894,0.21277,0,0,0,0,0.021739,0,0,0.97826,0.37389,0.37532,0.0023216,19.687,4.9056,27,23,0.0024707,0,1,0,1,1,1,1,1,0,-1,0,0,0,0
1,1,0.0082071,0.0082071,0.024303,1,0.48711,0.37607,0,0.074074,0.037037,0.25926,0.037037,0,0.11111,0.25926,0.22222,0.11538,0.038462,0,0,0.038462,0,0,0.80769,0.37754,0.38122,0.028977,11.555,6.2231,13,16,0.0027481,1,0.33333,0,1,2,1,2,1,-1,-1,-1,-1,-0.0040775,-0.0014245
1,0,0,0,0.17492,1,0.53003,0.32257,0,0.10256,0.20513,0.10256,0.25641,0,0.33333,0,0,0.71053,0,0.026316,0,0,0,0,0.26316,0.32538,0.32793,0.0040367,90,11.176,14,20,0.0027314,1,0,0,1,1,1,1,1,-1,-1,0,-1,0,-0.002849
1,0,0,0,0.037898,1,0.5623,0.45471,0,0,0.34884,0,0.30233,0,0.32558,0.023256,0,0.28571,0,0.02381,0,0,0,0,0.69048,0.45759,0.46021,0.0009611,90,6.3595,25,27,0.0027808,1,0,0,1,1,1,1,1,0,-1,-1,-1,-0.0010194,-0.002849
1,1,0.24929,0.24929,0.032988,1,0.472,0.40177,0,0.088235,0.14706,0.29412,0,0,0.26471,0.20588,0,0.24242,0,0.030303,0,0.030303,0,0,0.69697,0.40181,0.40486,0.0057192,11.555,5.9152,17,16,0.0028483,1,0.30769,0,1,2,1,2,1,0,-1,-1,0,-0.0020387,0
1,0,0,0,0.085872,1,0.56046,0.42733,0.28125,0,0,0.15625,0.125,0,0,0.09375,0.34375,0.032258,0,0,0,0,0,0,0.96774,0.42875,0.43015,0.0071295,23.237,4.4157,17,19,0.0028047,0.055556,1,0,1,2,1,1,1,-1,-1,0,-1,0,-0.0014245
1,1,0.090113,0.090113,0.16536,1,0.53221,0.36083,0.12121,0.030303,0,0,0.12121,0.24242,0,0,0.48485,0,0,0,0,0.03125,0,0.03125,0.9375,0.36241,0.36612,0.0070117,90,12.247,12,19,0.0038408,0,1,0,1,1,1,1,1,1,-1,1,-1,0.0010194,-0.0014245
1,1,0.0042735,0.0042735,0.014947,1,0.54558,0.44606,0,0.025,0.25,0.15,0.1,0.025,0.325,0.125,0,0.12821,0,0,0,0.025641,0,0,0.84615,0.54131,0.551,0.0066257,17.05,6.8847,31,18,0.0026849,0.625,0.625,0,0.99217,2,4,2,1,1,-1,0,1,0,0.0042735
1,1,0.017124,0.017124,0.021103,1,0.53144,0.42385,0,0.1875,0.14583,0.1875,0.083333,0,0.39583,0,0,0.14894,0,0.021277,0,0.021277,0,0,0.80851,0.53146,0.53303,0.0018119,11.555,3.9072,33,19,0.0024134,1,0,0,1,1,1,1,1,-1,-1,-1,0,-0.0010194,0
1,0,0,0,0.027361,1,0.48292,0.32005,0,0.2439,0,0.21951,0.073171,0,0.17073,0.19512,0.097561,0.125,0,0.025,0,0,0,0,0.85,0.48436,0.48711,0.28876,90,8.5814,22,25,0.0041762,0.61538,1,0,1,2,1,1,1,0,-1,1,-1,0.0010194,-0.0014245
1,0,0,0,0.023289,1,0.47728,0.40917,0.27907,0,0,0.25581,0,0,0.069767,0.2093,0.18605,0.047619,0,0,0,0,0,0,0.95238,0.48155,0.48263,0.0076346,19.687,4.3748,27,24,0.0025629,0.27273,1,0,1,2,1,1,1,-1,-1,0,-1,0,-0.0042735
1,1,0.51286,0.51286,0.018302,1,0.55703,0.34958,0,0,0.3125,0.10417,0.10417,0.0625,0.41667,0,0,0.19149,0,0,0,0.042553,0,0.021277,0.74468,0.55418,0.56167,0.00062546,9.0356,6.1823,27,25,0.0031409,1,0.3,0,0.99488,3,5,2,1,0,-1,0,1,0,0.002849
1,4,0.41753,0,0.023398,1,0.52294,0.36891,0.30357,0,0,0,0.30357,0,0,0.125,0.26786,0.018182,0,0,0,0.072727,0,0,0.90909,0.52294,0.52382,0.00072094,19.687,2.9179,29,29,0.0029775,0,1,0,1,2,1,2,1,0,-1,0,0,0,0
1,1,0.0017517,0.0017517,0.036549,1,0.52881,0.38385,0.28205,0,0,0,0.28205,0.051282,0,0,0.38462,0,0,0,0,0.026316,0,0,0.97368,0.53027,0.53139,0.0011509,11.043,2.6653,23,23,0.0032382,0,1,0,1,1,1,1,1,0,-1,1,-1,0.0010194,-0.0014245
1,1,0.0042735,0.0042735,0.06144,1,0.56356,0.41806,0,0.10638,0.25532,0.12766,0.085106,0,0.42553,0,0,0.45652,0,0,0,0.043478,0,0,0.5,0.56072,0.57165,0.0031492,180,8.7998,25,30,0.005669,1,0.088235,0,0.99242,2,4,1,1,-1,-1,0,1,0,0.002849
1,2,0.20655,0.13249,0.036257,1,0.5302,0.4272,0.038462,0.19231,0.096154,0.30769,0,0,0.36538,0,0,0.21569,0,0.019608,0,0.039216,0,0,0.72549,0.53447,0.53759,0.0042391,90,7.0395,28,25,0.0041813,1,0.10526,0,1,2,1,1,1,-1,-1,0,-1,0,-0.0042735
1,2,0.38177,0.0014245,0.0057248,1,0.53419,0.38443,0,0,0.31373,0.31373,0,0,0.27451,0.039216,0.058824,0.04,0,0,0,0.04,0,0,0.92,0.53276,0.53621,0.002659,11.555,5.1804,41,6,0.0015791,1,1,0,0.99733,2,4,1,1,0,-1,0,1,0,0.0014245
1,2,0.50596,0.4504,0.034533,1,0.53023,0.33572,0,0.02439,0.29268,0.02439,0.29268,0,0.36585,0,0,0.325,0,0,0,0.05,0,0,0.625,0.53166,0.53225,0.00056841,10.143,1.9351,26,13,0.0028526,1,0,0,1,1,1,1,1,0,-1,0,-1,0,-0.0014245]
