da0 = [1,0,0,0,0.46978,1,0.95146,0.048433,0.125,0.079545,0.26136,0.068182,0,0.14773,0.13636,0.079545,0.10227,0.12644,0.045977,0.12644,0.068966,0.37931,0.034483,0.08046,0.13793,0.049858,0.95452,0.00092552,85.454,19.421,18,52,0.050229,0.98837,0.98837,0.3626,0.22901,2,2,2,2,1,1,0,1,0,0.0014245
1,2,0.35437,0.20311,0.41917,1,0.85203,0.031604,0.090909,0.14773,0.29545,0.068182,0,0.11364,0.10227,0.068182,0.11364,0.11494,0.022989,0.13793,0.16092,0.33333,0.022989,0.08046,0.12644,0.03129,1.0543,0.061867,90,23.523,29,62,0.061858,0.85635,0.90608,0.24595,0.17799,2,2,2,2,0,1,-1,0,-0.0010194,0
1,0,0,0,0.45662,1,0.80517,0.03632,0.081395,0.10465,0.26744,0.05814,0,0.13953,0.11628,0.10465,0.12791,0.12941,0.023529,0.14118,0.070588,0.4,0.011765,0.094118,0.12941,0.036534,1.1074,0.048448,90,16.185,25,45,0.071478,1,0.9602,0.24444,0.16508,2,2,2,2,0,1,-1,0,-0.0010194,0
1,0,0,0,0.64685,1,0.56854,0.025823,0.13095,0.071429,0.16667,0.21429,0,0.095238,0.16667,0.059524,0.095238,0.096386,0.084337,0.096386,0.084337,0.3012,0.060241,0.12048,0.15663,0.025722,0.92762,0.023443,71.982,14.389,24,46,0.056949,0.028986,0.019324,0.43231,0.35371,2,2,2,2,0,1,1,0,0.0010194,0
1,3,0.075647,0,0.62349,1,0.52927,0.044207,0.098765,0.098765,0.1358,0.23457,0,0.098765,0.1358,0.049383,0.14815,0.0625,0.05,0.125,0.075,0.35,0.0375,0.1,0.2,0.044207,0.81892,0.02332,76.584,13.189,21,46,0.042337,0.0056818,0.017045,0.57921,0.42574,2,2,2,2,1,1,0,0,0,0
1,1,0.0041796,0.0041796,0.5279,1,0.82625,0.017838,0.15957,0.11702,0.18085,0.085106,0,0.14894,0.095745,0.06383,0.14894,0.10753,0.021505,0.1828,0.25806,0.15054,0.010753,0.11828,0.15054,0.018155,0.90911,0.090563,83.199,15.578,28,56,0.051914,0.77778,0.74444,0.20492,0.15574,2,2,2,2,-1,1,-1,0,-0.0010194,0
1,2,0.25297,0.14249,0.48731,1,0.78267,0.022996,0.11828,0.086022,0.15054,0.075269,0,0.21505,0.075269,0.086022,0.19355,0.1087,0.032609,0.086957,0.23913,0.26087,0.043478,0.11957,0.1087,0.022996,1.1493,0.084733,90,15.09,24,57,0.081298,0.88739,0.9009,0.35583,0.30675,2,2,2,2,0,1,0,0,0,0
1,1,0.29575,0.29575,0.61468,1,0.87036,0.02513,0.12963,0.074074,0.22222,0.064815,0,0.13889,0.10185,0.083333,0.18519,0.084112,0.056075,0.13084,0.25234,0.18692,0.037383,0.14953,0.1028,0.02642,1.2042,0.15046,84.163,18.472,33,63,0.098443,0.88433,0.8209,0.16987,0.125,2,2,2,2,-1,1,-1,0,-0.0020387,0
1,0,0,0,0.49255,1,0.70769,0.022996,0.1,0.1125,0.2375,0.075,0,0.175,0.1,0.075,0.125,0.088608,0.050633,0.11392,0.075949,0.44304,0.025316,0.050633,0.1519,0.024409,0.82008,0.028695,67.343,12.142,18,52,0.041078,1,0.98113,0.33333,0.25974,2,2,1,2,0,1,0,1,0,0.0014245
1,1,0.24095,0.24095,0.70961,1,0.73559,0.029915,0.11765,0.082353,0.21176,0.082353,0,0.11765,0.12941,0.094118,0.16471,0.083333,0.035714,0.15476,0.13095,0.25,0.035714,0.14286,0.16667,0.029932,0.96446,0.068567,67.76,15.334,25,45,0.065262,0.95359,0.94937,0.29289,0.20502,2,2,2,2,0,1,-1,0,-0.0010194,0
1,0,0,0,0.53144,1,0.75931,0.018776,0.087912,0.076923,0.23077,0.098901,0,0.17582,0.13187,0.054945,0.14286,0.14444,0.055556,0.077778,0.13333,0.32222,0.033333,0.088889,0.14444,0.018776,0.9904,0.081018,45.053,10.906,31,59,0.064632,1,0.94059,0.21691,0.18015,2,2,2,2,-1,1,0,0,0,0
1,2,0.028409,0.002849,0.57842,1,0.83099,0.0057885,0.11881,0.09901,0.13861,0.069307,0,0.18812,0.10891,0.09901,0.17822,0.11,0.03,0.1,0.1,0.35,0.07,0.12,0.12,0.0057885,1.1453,0.092604,45.053,9.8344,39,54,0.091016,0.99209,0.98814,0.32907,0.31629,2,2,2,2,-1,1,0,0,0,0
1,0,0,0,0.6391,1,0.77653,0.024302,0.14679,0.073394,0.045872,0.091743,0,0.25688,0.10092,0.073394,0.21101,0.092593,0.027778,0.10185,0.12963,0.31481,0.074074,0.10185,0.15741,0.025722,1.1143,0.036742,87.074,18.164,32,67,0.084605,0.96139,0.96911,0.53448,0.47241,2,2,2,2,0,1,0,1,0,0.0014245
1,3,0.29788,0.062018,0.54342,1,0.80001,0.02513,0.1134,0.17526,0.1134,0.092784,0,0.14433,0.13402,0.072165,0.15464,0.125,0.0625,0.0625,0.23958,0.21875,0.03125,0.10417,0.15625,0.02642,0.94394,0.1669,90,18.669,15,55,0.057989,0.60891,0.52475,0.052632,0,2,4,2,1,-1,0,-1,0,-0.0020387,0
1,2,0.02878,0.0030259,0.47706,1,0.48972,0.044171,0.14706,0.078431,0.16667,0.21569,0,0.068627,0.12745,0.098039,0.098039,0.10891,0.049505,0.10891,0.19802,0.21782,0.049505,0.12871,0.13861,0.04416,0.87613,0.019738,86.849,19.628,30,60,0.043972,0,0,0.44872,0.31624,1,2,2,2,1,1,-1,0,-0.0010194,0
1,2,0.062885,0.0064668,0.44228,1,0.51132,0.041624,0.13187,0.054945,0.13187,0.25275,0,0.087912,0.13187,0.098901,0.10989,0.11111,0.044444,0.088889,0.2,0.26667,0.055556,0.066667,0.16667,0.043038,1.0198,0.010588,81.282,15.505,20,51,0.058174,0.02809,0,0.47569,0.37153,1,2,2,2,0,1,0,1,0,0.0014245
1,0,0,0,0.51727,1,0.41574,0.035613,0.1,0.06,0.14,0.23,0,0.06,0.19,0.09,0.13,0.10101,0.060606,0.13131,0.11111,0.31313,0.050505,0.090909,0.14141,0.038462,0.99845,0.0053733,90,15.794,31,60,0.061482,0.010363,0.010363,0.56929,0.46816,2,2,2,2,0,1,0,1,0,0.002849
1,0,0,0,0.49963,1,0.44563,0.015965,0.10714,0.10714,0.059524,0.21429,0,0.071429,0.19048,0.10714,0.14286,0.060241,0.096386,0.13253,0.096386,0.3012,0.036145,0.096386,0.18072,0.017365,0.80798,0.0013832,68.678,15.021,27,52,0.039807,0,0.019355,0.56757,0.51351,2,2,2,2,0,1,0,1,0,0.0014245
1,2,0.19376,0.17298,0.5367,1,0.38015,0.014245,0.11458,0.072917,0.083333,0.1875,0,0.083333,0.19792,0.10417,0.15625,0.10526,0.052632,0.15789,0.15789,0.25263,0.042105,0.073684,0.15789,0.01567,0.92756,0.020391,83.199,17.065,30,48,0.05623,0,0,0.63492,0.59127,1,2,2,2,0,1,0,1,0,0.0014245
1,3,0.22479,0.052953,0.58276,1,0.79668,0.0059067,0.078125,0.11719,0.21094,0.085938,0,0.13281,0.085938,0.09375,0.19531,0.094488,0.03937,0.12598,0.22835,0.22047,0.031496,0.14961,0.11024,0.0077513,1.2277,0.13201,90,21.999,36,79,0.099089,0.79044,0.80147,0.23054,0.21557,2,2,2,2,0,1,-1,1,-0.0010194,0.002849
1,0,0,0,0.59633,1,0.75974,0.01043,0.06422,0.10092,0.25688,0.082569,0,0.17431,0.10092,0.06422,0.15596,0.11111,0.046296,0.083333,0.16667,0.32407,0.046296,0.083333,0.13889,0.010773,1.307,0.09695,90,12.577,31,70,0.11769,0.9661,0.95254,0.24294,0.22316,2,2,2,2,-1,1,-1,0,-0.0010194,0
1,1,0.24374,0.24374,0.48633,1,0.60066,0.025963,0.085938,0.070313,0.17188,0.10938,0,0.10156,0.14063,0.070313,0.25,0.094488,0.047244,0.11024,0.10236,0.31496,0.07874,0.086614,0.16535,0.027142,1.1296,0.11669,80.092,13.69,46,81,0.078861,0.93333,0.94286,0.78641,0.72492,2,2,3,2,1,1,-1,1,-0.0020387,0.0014245
1,1,0.23634,0.23634,0.51972,1,0.54048,0.022879,0.09434,0.09434,0.12264,0.10377,0,0.09434,0.15094,0.084906,0.25472,0.085714,0.038095,0.11429,0.11429,0.22857,0.10476,0.11429,0.2,0.023675,1.0074,0.086912,90,16.912,21,66,0.063798,0.88945,0.9397,0.77737,0.72263,2,2,3,2,1,1,-1,1,-0.0010194,0.0014245
1,0,0,0,0.49378,1,0.51081,0.0030259,0.091667,0.083333,0.175,0.091667,0,0.058333,0.225,0.13333,0.14167,0.14286,0.033613,0.11765,0.10924,0.14286,0.07563,0.20168,0.17647,0.0047349,1.3154,0.20421,66.763,16.812,38,73,0.10824,0.71875,0.72656,0.95957,0.95148,2,2,2,2,1,1,1,1,0.0010194,0.0014245
1,2,0.26708,0.21704,0.62776,1,0.38401,0.04068,0.15,0.08,0.15,0.11,0,0.08,0.21,0.1,0.12,0.070707,0.060606,0.18182,0.19192,0.11111,0.060606,0.16162,0.16162,0.041024,1.1021,0.18083,74.027,20.158,24,61,0.081216,0.2963,0.23868,1,0.90253,2,2,2,2,-1,1,-1,0,-0.0010194,0
1,1,0.24934,0.24934,0.55319,1,0.30461,0.037452,0.15217,0.054348,0.1087,0.065217,0,0.076087,0.30435,0.1087,0.13043,0.098901,0.032967,0.1978,0.20879,0.16484,0.043956,0.098901,0.15385,0.038329,1.0869,0.11367,90,15.893,33,59,0.075358,0.14679,0.068807,0.86525,0.78014,2,2,2,2,-1,1,-1,0,-0.0020387,0
1,2,0.25536,0.19017,0.53036,1,0.51295,0.03487,0.098039,0.11765,0.098039,0.078431,0,0.10784,0.21569,0.10784,0.17647,0.089109,0.079208,0.15842,0.17822,0.12871,0.059406,0.079208,0.22772,0.035329,1.3379,0.20467,82.358,19.585,21,57,0.1131,0.26838,0.20956,0.98093,0.92098,2,2,2,2,-1,1,-1,0,-0.0010194,0
1,2,0.29286,0.21509,0.60675,1,0.40335,0.057449,0.12871,0.09901,0.09901,0.079208,0,0.09901,0.23762,0.089109,0.16832,0.09,0.04,0.19,0.19,0.15,0.06,0.1,0.18,0.057963,1.3971,0.21471,90,17.403,33,61,0.12594,0.27575,0.1794,1,0.90141,2,2,2,2,-1,1,-1,0,-0.0010194,0
1,2,0.2027,0.08479,0.70486,1,0.73117,0.024083,0.078947,0.096491,0.16667,0.078947,0,0.11404,0.18421,0.10526,0.17544,0.097345,0.026549,0.14159,0.12389,0.23894,0.088496,0.17699,0.10619,0.025713,0.80609,0.05092,68.32,17.841,34,71,0.04386,0.89848,1,0.675,0.62,2,2,2,2,1,1,0,1,0,0.002849
1,1,0.0057885,0.0057885,0.66202,1,0.70451,0.038756,0.10619,0.10619,0.13274,0.061947,0,0.15044,0.15929,0.088496,0.19469,0.089286,0.026786,0.1875,0.089286,0.26786,0.053571,0.14286,0.14286,0.03917,0.76461,0.04899,81.855,19.743,24,69,0.037306,0.90751,1,0.72193,0.58824,2,2,2,2,1,1,1,0,0.0010194,0
1,2,0.24056,0.18446,0.46289,1,0.61773,0.0049742,0.058824,0.058824,0.15126,0.084034,0,0.14286,0.18487,0.10924,0.21008,0.13559,0.016949,0.059322,0.11864,0.29661,0.10169,0.11017,0.16102,0.0059067,0.99288,0.054763,87.269,19.539,31,70,0.058937,0.94595,0.96757,0.66084,0.65035,2,2,2,2,0,1,0,1,0,0.0014245
1,1,0.28704,0.28704,0.52392,1,0.79164,0.013453,0.095238,0.071429,0.11111,0.087302,0,0.23016,0.18254,0.063492,0.15873,0.096,0.048,0.096,0.088,0.352,0.032,0.104,0.184,0.01318,1.4109,0.012236,90,18.615,38,81,0.12976,0.97909,0.98955,0.4949,0.47194,2,2,3,2,1,1,-1,0,-0.0010194,0
1,3,0.27885,0.096036,0.54243,1,0.72657,0.0099513,0.074766,0.11215,0.13084,0.11215,0,0.26168,0.14953,0.093458,0.065421,0.09434,0.04717,0.10377,0.066038,0.39623,0.009434,0.12264,0.16038,0.0099513,1.1991,0.0013203,79.857,19.247,21,63,0.090442,0.98077,1,0.37609,0.3586,2,2,2,2,1,1,0,0,0,0
1,0,0,0,0.63246,1,0.23002,0.030533,0.13043,0.076087,0.097826,0.1413,0,0.076087,0.23913,0.097826,0.1413,0.076923,0.043956,0.16484,0.12088,0.30769,0.043956,0.087912,0.15385,0.03333,0.94523,0.050001,90,18.538,22,54,0.058413,0.042254,0.014085,0.73029,0.63485,3,2,2,2,-1,1,0,1,0,0.002849
1,2,0.10828,0.0014245,0.37908,1,0.37439,0.031356,0.092593,0.083333,0.12963,0.12963,0,0.083333,0.33333,0.074074,0.074074,0.1215,0.046729,0.074766,0.13084,0.36449,0.046729,0.065421,0.14953,0.032779,1.189,0.032552,74.979,13.579,37,65,0.074831,0.026738,0.02139,0.72521,0.66006,2,2,2,2,0,1,0,1,0,0.0014245
1,0,0,0,0.64666,1,0.36213,0.0060518,0.11404,0.070175,0.078947,0.096491,0,0.078947,0.27193,0.11404,0.17544,0.061947,0.070796,0.23009,0.11504,0.20354,0.035398,0.097345,0.18584,0.0043934,0.85511,0.093573,90,20.931,28,71,0.051578,0.16751,0.17259,0.92202,0.93578,2,2,2,2,0,1,-1,1,-0.0010194,0.0014245
1,1,0.30579,0.30579,0.59633,1,0.40282,0.0076449,0.13913,0.095652,0.069565,0.10435,0,0.078261,0.27826,0.095652,0.13913,0.078947,0.04386,0.15789,0.23684,0.17544,0.061404,0.087719,0.15789,0.0076449,0.92948,0.10819,82.587,16.527,36,68,0.057765,0.22439,0.2,0.89431,0.87805,2,2,2,2,0,1,0,0,0,0
1,0,0,0,0.70995,1,0.50908,0.053374,0.10687,0.038168,0.091603,0.068702,0,0.061069,0.33588,0.1374,0.16031,0.092308,0.061538,0.35385,0.12308,0.13846,0.038462,0.084615,0.10769,0.054137,1.5847,0.1689,81.174,15.192,39,82,0.17519,0.26525,0.15915,1,0.93421,2,2,2,2,-1,1,-1,0,-0.0010194,0
1,3,0.35916,0.21382,0.70202,1,0.51141,0.0035033,0.12245,0.10204,0.10204,0.091837,0,0.091837,0.091837,0.23469,0.16327,0.092784,0.072165,0.18557,0.19588,0.15464,0.051546,0.10309,0.14433,0.0030259,1.4264,0.21317,90,20.94,22,62,0.14801,0.43923,0.44199,0.97832,0.98374,2,2,2,2,-1,1,-1,0,-0.0010194,0
1,1,0.16643,0.16643,0.83842,1,0.65779,0.014553,0.144,0.2,0.176,0.072,0,0.088,0.12,0.08,0.12,0.1371,0.048387,0.29032,0.10484,0.14516,0.064516,0.12097,0.08871,0.015554,1.1693,0.15668,82.587,17.098,35,74,0.10101,0.51274,0.46497,0.0037313,0.011194,2,2,2,3,-1,1,-1,0,-0.0010194,0]
