3,2,0.078252,0.047733,0.3132,1,0.6511,0.07765,0.15789,0.035088,0.15789,0.10526,0,0.070175,0.17544,0.070175,0.22807,0.16667,0,0.018519,0,0.037037,0.074074,0.33333,0.37037,0.1909,0.63962,0.025939,90,6.9136,55,23,0.0038072,0.035714,0.94286,0.042857,0.81905,4,4,4,4,0,-1,1,0,0.00058651,0
1,2,0.27729,0.23866,0.33458,1,0.5921,0.0070381,0.2,0.066667,0.21333,0.066667,0,0.04,0.2,0.08,0.13333,0.054054,0.094595,0.18919,0.013514,0.27027,0.054054,0.14865,0.17568,0.0058651,0.8273,0.14796,113.06,16.147,30,39,0.033618,0.036269,0.088083,0.0369,0.0369,2,3,2,3,-1,-1,-1,0,-0.001173,0
1,2,0.13237,0.0049938,0.306,1,0.48659,0.029728,0.20896,0.029851,0.1194,0.10448,0,0.089552,0.19403,0.074627,0.1791,0.060606,0.075758,0.18182,0,0.36364,0.015152,0.10606,0.19697,0.032913,0.80993,0.14951,90,10.962,31,45,0.034346,0,0.24118,0.068966,0,2,2,2,2,0,1,0,1,0,0.0049938
1,0,0,0,0.38125,1,0.36485,0.0078494,0.16216,0.081081,0.2027,0.067568,0,0.054054,0.2027,0.067568,0.16216,0.082192,0.12329,0.12329,0,0.30137,0.041096,0.19178,0.13699,0.0080442,0.6307,0.10869,90,9.8322,40,53,0.01955,0.058065,0.025806,0.08377,0.11518,2,3,2,3,0,-1,-1,0,-0.00058651,0
1,2,0.37599,0.096407,4.5058,1,0.88603,0.49705,0.099237,0.1145,0.045802,0.038168,0.061069,0.28244,0.14504,0.1145,0.099237,0.069231,0.023077,0.1,0.053846,0.26923,0.076923,0.32308,0.084615,0.49647,1.2598,0.018318,90,26.241,23,89,0.10577,0,0.99882,0.76136,0.35227,5,7,6,7,1,0,-1,0,-0.00058651,0
2,1,0.2008,0.2008,0.18674,1,0.3898,0.048553,0.052632,0.28947,0,0,0.13158,0,0.052632,0.31579,0.15789,0.27778,0,0,0,0.19444,0.13889,0.11111,0.27778,0.13708,0.42027,0.023077,46.784,3.9046,24,20,0.0028822,0,1,0.23013,0.95397,3,2,4,3,1,1,1,1,0.001173,0.0012484
1,1,0.11886,0.11886,0.44519,1,0.39657,0.20298,0.13158,0.15789,0,0,0.052632,0.026316,0.26316,0.15789,0.21053,0.081081,0.10811,0.027027,0,0.10811,0.2973,0.21622,0.16216,0.20398,0.51468,0.084733,180,20.634,6,26,0.026353,0,1,0.27619,0.91429,2,2,2,2,1,1,1,0,0.0017595,0
1,1,0.16874,0.16874,0.23252,1,0.35708,0.32568,0.071429,0.071429,0.095238,0.14286,0.095238,0.2381,0.14286,0.047619,0.095238,0.19512,0.14634,0.12195,0,0.02439,0.02439,0.29268,0.19512,0.35707,0.54116,0.19088,151.98,19.444,10,26,0.035793,0,0.040816,0.037037,1,2,1,3,2,1,1,-1,0,-0.00058651,0
2,0,0,0,0.27035,1,0.4152,0.38702,0.023256,0.069767,0.11628,0.25581,0.11628,0.16279,0,0.25581,0,0.53659,0,0.04878,0,0,0.073171,0.21951,0.12195,0.31665,0.74399,0.091131,90,12.136,19,23,0.0078004,0.39891,0.38251,0.025157,1,3,5,2,2,-1,-1,-1,0,-0.00058651,0
2,0,0,0,0.41185,1,0.74209,0.12134,0.1087,0.086957,0.13043,0.13043,0.086957,0.043478,0.15217,0.043478,0.21739,0.022727,0.068182,0.15909,0.022727,0.022727,0.11364,0.36364,0.22727,0.23903,0.69822,0.081065,69.644,14.011,31,26,0.021733,0.1749,0.96958,0.03,0,2,4,3,2,1,-1,1,0,0.0017595,0
2,0,0,0,0.29102,1,0.67661,0.081517,0.12766,0.06383,0.17021,0.14894,0.042553,0.14894,0.10638,0.085106,0.10638,0.088889,0.066667,0.11111,0,0.022222,0.2,0.22222,0.28889,0.18047,0.46234,0.052135,90,13.461,30,30,0.0084083,0,1,0.013274,0,2,3,3,3,1,-1,0,1,0,0.0024969
1,1,0.086753,0.086753,0.21881,1,0.47382,0.22409,0,0.11765,0,0.29412,0.058824,0.029412,0.17647,0.088235,0.23529,0.33333,0.030303,0.12121,0.090909,0.18182,0.030303,0.060606,0.15152,0.22666,0.60893,0.21852,39.521,12.937,10,19,0.024803,0.63235,0,0,0.60616,2,2,2,2,-1,-1,-1,-1,-0.00058651,-0.0024969
1,0,0,0,0.23163,1,0.35266,0.3446,0.10714,0.071429,0.42857,0,0,0.14286,0,0.21429,0.035714,0.51852,0,0,0,0,0.14815,0.25926,0.074074,0.34825,0.44521,0.11355,90,12.492,10,16,0.016361,0,0.49296,0.038194,1,1,1,2,2,1,0,-1,-1,-0.00058651,-0.0037453
1,1,0.082914,0.082914,0.23662,1,0.60175,0.047858,0.17241,0.068966,0.086207,0.068966,0.2069,0.12069,0.12069,0.034483,0.12069,0.14035,0.052632,0.12281,0.10526,0.29825,0,0.052632,0.22807,0.047858,0.7522,0.086338,73.637,18.703,12,35,0.022766,0.91241,0.56204,0.23529,0.34926,3,2,2,2,0,1,0,0,0,0
1,0,0,0,0.15568,1,0.45031,0.33678,0.16327,0.12245,0.34694,0,0,0.12245,0,0.16327,0.081633,0.375,0.020833,0.083333,0.083333,0.125,0.020833,0.083333,0.20833,0.34051,0.65556,0.082358,90,18.227,22,28,0.0083254,1,0.61947,0.20235,1,2,2,2,3,0,1,0,-1,0,-0.0037453
2,0,0,0,0.45958,1,0.5378,0.0058651,0.0625,0.10417,0.16667,0.14583,0.0625,0.14583,0.125,0.083333,0.10417,0.15217,0,0.15217,0.13043,0.23913,0,0.17391,0.15217,0.01719,0.56057,0.0079523,90,9.6367,49,27,0.0083234,1,0.37222,0.42935,0.57609,3,3,3,3,-1,1,1,0,0.001173,0
2,0,0,0,0.43111,1,0.55597,0.0017595,0.097561,0.073171,0.36585,0.04878,0.073171,0.097561,0.04878,0.073171,0.12195,0.076923,0.051282,0.10256,0.28205,0.25641,0.025641,0.10256,0.10256,0.026936,0.54858,0.013975,81.648,9.7586,44,23,0.0073133,0.76282,0.45513,0.3,0.45882,3,3,4,3,0,1,1,0,0.0017595,0
2,0,0,0,0.36912,1,0.45187,0.0026575,0.083333,0.083333,0.27778,0.055556,0.083333,0.11111,0.083333,0.11111,0.11111,0.11765,0,0.11765,0.29412,0.14706,0.029412,0.11765,0.17647,0.0066643,0.32649,0.017533,74.258,11.642,34,20,0.0026012,0.78409,0.46591,0.25,0.40179,3,3,3,3,-1,1,1,0,0.00058651,0
2,1,0.035908,0.035908,0.37655,1,0.55881,0.0048052,0.041667,0.0625,0.22917,0.0625,0.16667,0.14583,0.16667,0.10417,0.020833,0.1087,0.021739,0.043478,0.1087,0.36957,0,0.23913,0.1087,0.020809,0.40437,0.0063627,90,13.382,41,20,0.0034605,0.99048,0.41905,0.44275,0.48092,3,3,4,3,0,1,1,0,0.001173,0
2,0,0,0,0.26884,1,0.5565,0.0058393,0.020833,0.041667,0.29167,0.083333,0.16667,0.1875,0.10417,0.0625,0.041667,0.1087,0,0.065217,0.065217,0.41304,0.021739,0.19565,0.13043,0.0047414,0.47031,0.0014127,90,13.156,41,28,0.0042527,0.9798,0.64646,0.31214,0.52023,3,3,3,3,1,1,1,0,0.001173,0
2,0,0,0,0.44432,1,0.92262,0.0088858,0.090909,0.12727,0.12727,0.072727,0.10909,0.12727,0.10909,0.072727,0.16364,0.11321,0.018868,0.09434,0.18868,0.22642,0,0.22642,0.13208,0.010615,0.50285,0.02444,87.93,11.298,54,32,0.007281,0.82166,0.63694,0.27711,0.41566,3,3,3,3,0,1,1,0,0.00058651,0
1,1,0.10258,0.10258,0.41144,1,0.78263,0.060848,0.083333,0.083333,0.125,0.041667,0,0.22917,0.16667,0.0625,0.20833,0.23404,0,0.021277,0.085106,0.21277,0.021277,0.10638,0.31915,0.060952,0.58937,0.0038131,180,25.582,10,30,0.008895,0.78723,0.92199,0.50932,0.80745,3,2,2,3,0,1,1,0,0.00058651,0
2,1,0.033498,0.033498,0.21423,1,0.47388,0.090119,0.054054,0,0,0.10811,0.081081,0.10811,0.43243,0.081081,0.13514,0.085714,0.11429,0.11429,0,0.057143,0.028571,0.2,0.4,0.19992,0.49672,0.10117,90,13.5,17,20,0.0025857,0,0.070175,0,0.924,3,5,2,2,1,-1,-1,0,-0.00058651,0
2,2,0.21299,0.1762,0.41735,1,0.5263,0.068336,0.12,0.06,0.12,0.08,0,0.18,0.06,0.04,0.34,0.10417,0,0.14583,0.0625,0.33333,0.020833,0.0625,0.27083,0.03625,0.69722,0.023309,85.523,13.561,33,27,0.01126,0.93717,1,0.43721,0.91628,3,3,3,3,0,1,1,-1,0.00058651,-0.0037453
2,1,0.1237,0.1237,0.49589,1,0.54734,0.069974,0.076923,0.096154,0.13462,0.076923,0,0.17308,0.057692,0.13462,0.25,0.08,0.04,0.08,0.06,0.36,0.02,0.14,0.22,0.041791,0.55739,0.020468,81.1,11.451,43,25,0.0065045,0.66667,1,0.35185,0.96914,3,3,3,3,1,1,1,0,0.00058651,0
2,1,0.08191,0.08191,0.42869,1,0.52986,0.035908,0.09434,0.13208,0.037736,0.056604,0,0.16981,0.11321,0.11321,0.28302,0.13725,0,0.098039,0.078431,0.29412,0,0.2549,0.13725,0.022457,0.4904,0.02604,62.671,10.629,45,32,0.0055726,0.77397,1,0.38125,0.8125,3,3,2,3,0,1,1,0,0.00058651,0
2,2,0.18921,0.0017595,0.44463,1,0.72463,0.1438,0.079365,0.095238,0.047619,0.031746,0.14286,0.031746,0.22222,0.063492,0.28571,0.19672,0,0,0,0.032787,0.032787,0.4918,0.2459,0.22547,0.61155,0.058788,90,12.704,50,33,0.01397,0,0.9717,0,0.78571,3,4,3,4,1,-1,1,0,0.0017595,0
1,3,0.1877,0.13353,0.75268,1,0.80725,0.17281,0.15385,0.057692,0,0.038462,0.23077,0.019231,0.15385,0.096154,0.25,0.078431,0.039216,0.019608,0.098039,0.29412,0.039216,0.13725,0.29412,0.17314,0.6832,0.041422,180,21.153,10,26,0.019144,0.44631,1,0.37097,0.98925,2,2,1,3,-1,1,1,0,0.00058651,0
1,1,0.1858,0.1858,0.78867,1,0.68641,0.16778,0.12245,0.081633,0.12245,0.040816,0.061224,0.14286,0.14286,0.081633,0.20408,0.14583,0.020833,0.041667,0.0625,0.25,0.020833,0.14583,0.3125,0.16803,0.81836,0.053367,180,21.88,13,26,0.025985,0.62654,1,0.34715,0.97927,3,2,2,3,-1,1,1,0,0.00058651,0
2,0,0,0,0.23805,1,0.56902,0.1559,0.10526,0,0,0.13158,0.10526,0.15789,0.18421,0,0.31579,0.19444,0,0,0,0.16667,0.083333,0.055556,0.5,0.30384,0.79557,0.073875,130.41,13.164,32,18,0.0057128,0.095238,1,0,1,2,3,2,2,-1,-1,0,-1,0,-0.0012484
2,1,0.068764,0.068764,0.2137,1,0.47854,0.084835,0.068182,0,0,0.18182,0.11364,0.11364,0.27273,0,0.25,0.02381,0,0,0,0.19048,0.02381,0.11905,0.64286,0.20909,0.56677,0.070898,56.133,8.2099,34,25,0.0029247,0,1,0,0.96992,2,3,3,2,0,-1,1,-1,0.00058651,-0.0012484
1,3,0.1171,0.041182,0.233,1,0.47094,0.31394,0.10256,0,0,0.17949,0.17949,0.10256,0.20513,0,0.23077,0.15789,0,0,0,0.26316,0.078947,0.10526,0.39474,0.31663,0.57619,0.12693,173.3,22.458,14,16,0.0092546,0.081301,1,0,1,3,2,2,2,0,-1,1,-1,0.001173,-0.0024969
1,3,0.20424,0.088801,0.2885,1,0.44014,0.29529,0.11364,0,0,0.18182,0.15909,0,0.27273,0.11364,0.15909,0.13953,0,0,0,0.39535,0.023256,0.069767,0.37209,0.29305,0.64129,0.13154,180,23.181,14,25,0.010991,0.087838,1,0,0.93776,2,4,1,2,0,-1,1,1,0.00058651,0.0024969
2,0,0,0,0.3828,1,0.47038,0.15007,0.09375,0.0625,0.21875,0.1875,0,0.0625,0.125,0,0.25,0.16667,0,0,0,0.23333,0.033333,0.033333,0.53333,0.16803,0.56083,0.026983,82.133,5.4598,30,13,0.0053309,0.11039,1,0.13228,1,2,3,2,2,-1,-1,0,-1,0,-0.0012484
1,2,0.17271,0.17271,3.3015,1,0.93511,0.59824,0.061728,0.14815,0.11111,0.074074,0.074074,0.23457,0.049383,0.074074,0.17284,0,0,0,0,0.375,0.0875,0.25,0.2875,0.59883,1.3703,0.006861,128.76,24.462,12,43,0.17998,0,1,0.44828,0.65517,1,5,1,6,1,1,1,0,0.00058651,0
2,0,0,0,0.88538,1,0.56914,0.11228,0.125,0.125,0.1875,0,0,0,0.1875,0.1875,0.1875,0,0,0,0,0,0.28571,0.71429,0,0.10079,0.20391,0.028117,18.32,6.9916,6,10,0.00035055,0.14796,1,0.15385,1,2,2,2,2,1,1,1,-1,0.0035191,-0.0012484
3,1,0.21484,0.21484,0.27652,1,0.77406,0.064184,0.046512,0.16279,0,0.11628,0.18605,0.25581,0.13953,0,0.093023,0.225,0,0,0,0.05,0.225,0.125,0.375,0.25398,0.76995,0.039964,81.1,14.9,22,18,0.00074565,0.4086,0.80645,0,0.50316,3,5,3,3,-1,-1,1,1,0.002346,0.0024969
2,0,0,0,0.29431,1,0.4298,0.3052,0.12121,0.045455,0.090909,0.19697,0.10606,0.13636,0.18182,0.060606,0.060606,0.17188,0.09375,0.14063,0,0.015625,0.078125,0.17188,0.32813,0.31114,0.80909,0.066205,90,13.925,65,41,0.01494,0.062112,0.19255,0.011673,0.97276,3,3,4,4,0,-1,-1,0,-0.00058651,0
2,1,0.24691,0.24691,0.26177,1,0.39058,0.33092,0.10448,0.059701,0.059701,0.19403,0.089552,0.13433,0.22388,0.029851,0.10448,0.18462,0.092308,0.13846,0,0.015385,0.046154,0.15385,0.36923,0.33089,0.8357,0.075585,103.22,11.968,50,35,0.015789,0.033113,0.099338,0.02214,1,4,3,4,4,-1,-1,-1,0,-0.0017595,0
1,0,0,0,0.44507,1,0.43396,0.20481,0.08,0.12,0.12,0.2,0,0,0.2,0.12,0.16,0.25,0.083333,0.125,0,0.041667,0.125,0.125,0.25,0.20355,0.32941,0.10496,67.654,19.115,4,14,0.015941,1,0.95062,0,0.95322,2,4,1,1,-1,0,1,1,0.00058651,0.0012484
2,3,0.22992,0.1595,0.3808,1,0.33528,0.27705,0.088889,0.15556,0.13333,0.11111,0,0.088889,0.24444,0.11111,0.066667,0.30233,0.2093,0.046512,0,0.093023,0.023256,0.069767,0.25581,0.27326,0.64034,0.04975,74.356,8.3326,24,18,0.010035,0.38043,0,0,1,3,3,2,2,-1,-1,-1,0,-0.00058651,0
3,1,0.078927,0.078927,0.28992,1,0.35572,0.1342,0.13725,0.078431,0.058824,0.098039,0.13725,0.039216,0.2549,0.058824,0.13725,0.14583,0,0,0,0.041667,0.1875,0.52083,0.10417,0.12611,0.45488,0.051314,90,4.7747,52,21,0.0036164,0,1,0.022523,0.9955,4,4,3,5,1,1,1,0,0.00058651,0
3,2,0.12133,0.00058651,0.39501,1,0.33765,0.18295,0.18571,0.057143,0.042857,0.22857,0.1,0,0.22857,0.028571,0.12857,0.059701,0,0.029851,0,0.029851,0.1791,0.41791,0.28358,0.15246,0.58458,0.047309,90,7.8254,86,34,0.0065294,0.087379,0.99515,0.081633,0.93878,4,6,4,4,1,1,-1,0,-0.00058651,0
3,1,0.18265,0.18265,0.30289,1,0.46854,0.080736,0.11111,0.055556,0.13889,0.27778,0.055556,0.13889,0.22222,0,0,0.21212,0,0,0,0.030303,0.15152,0.42424,0.18182,0.13998,0.42853,0.015597,33.631,7.6292,30,17,0.00037685,0.27211,0.93197,0.039474,0.41228,3,5,3,3,1,0,1,0,0.00058651,0
1,1,0.13108,0.13108,0.43713,1,0.66349,0.34087,0.14583,0.10417,0.041667,0,0,0.125,0.16667,0.20833,0.20833,0.12766,0.085106,0.021277,0,0.085106,0.06383,0.40426,0.21277,0.34196,0.66979,0.080354,139.59,25.158,14,30,0.053065,0,1,0.2053,1,2,2,2,3,1,1,0,-1,0,-0.0012484
1,0,0,0,0.21006,1,0.48754,0.38659,0.11864,0.11864,0.050847,0.16949,0.13559,0.084746,0.050847,0.10169,0.16949,0.15517,0.086207,0.12069,0,0.10345,0.051724,0.18966,0.2931,0.38655,0.57168,0.045109,113.06,24.906,9,36,0.029793,0,0.28378,0.066465,1,2,2,3,3,1,1,-1,0,-0.00058651,0
1,1,0.1649,0.1649,0.20438,1,0.4385,0.39792,0.025,0.025,0.125,0.125,0.1,0.225,0.175,0.05,0.15,0.23077,0.10256,0.17949,0,0.025641,0.076923,0.20513,0.17949,0.39418,0.61528,0.13102,132,29.658,2,28,0.036882,0.31944,0,0.015106,0.96677,2,3,3,3,1,1,0,1,0,0.0037453
1,2,0.13127,0.088213,0.49888,1,0.47858,0.23518,0.076923,0.12821,0,0,0.051282,0,0.33333,0.30769,0.10256,0.13158,0.078947,0.052632,0,0.052632,0.21053,0.34211,0.13158,0.23843,0.51265,0.15006,180,24.269,8,19,0.028186,0.098655,1,0.16667,0.95714,2,2,2,3,1,1,0,-1,0,-0.0037453
1,1,0.14868,0.14868,0.42676,1,0.61207,0.22903,0.10417,0.16667,0.083333,0,0.020833,0.0625,0.27083,0.14583,0.14583,0.12766,0.042553,0.06383,0,0.14894,0.31915,0.14894,0.14894,0.22844,0.62906,0.11552,180,22.839,11,32,0.037785,0.13025,1,0.25191,0.84351,2,2,2,2,1,1,1,1,0.0029326,0.0024969
1,2,0.21923,0.0030546,0.27785,1,0.52404,0.40867,0.053191,0.06383,0.11702,0.1383,0.14894,0.1383,0.11702,0.085106,0.1383,0.15054,0.12903,0.13978,0,0.064516,0.064516,0.2043,0.24731,0.4061,0.69962,0.2256,165.1,22.096,20,66,0.052553,0.15459,0.014493,0.034286,0.96286,3,3,3,3,1,1,1,1,0.0017595,0.0024969
1,1,0.15571,0.15571,0.3003,1,0.52278,0.28904,0.061538,0.12308,0.076923,0.10769,0.21538,0.061538,0.092308,0.076923,0.18462,0.17188,0.10938,0.17188,0,0.046875,0.03125,0.20313,0.26563,0.28916,0.48927,0.13769,180,27.699,12,37,0.024989,0.22086,0,0.05098,0.95686,2,3,3,3,1,1,-1,0,-0.0017595,0
1,2,0.22421,0.11155,0.4463,1,0.52796,0.21549,0.13699,0.15068,0.027397,0,0.082192,0.041096,0.30137,0.13699,0.12329,0.18056,0.027778,0.041667,0,0.125,0.083333,0.38889,0.15278,0.21606,0.47198,0.10581,180,18.465,30,43,0.023115,0.052632,1,0.225,0.98,2,3,2,3,1,1,1,0,0.001173,0
2,1,0.16699,0.16699,0.19633,1,0.42395,0.065532,0.033898,0.23729,0,0,0.18644,0,0.13559,0.25424,0.15254,0.24561,0,0,0,0.15789,0.052632,0.29825,0.24561,0.16686,0.43934,0.064359,144.83,5.7174,48,25,0.0023891,0.23214,1,0.14179,0.97761,2,2,3,3,1,1,1,0,0.00058651,0
2,0,0,0,0.090345,1,0.53253,0.032855,0,0.12069,0.2931,0,0.034483,0.10345,0.086207,0.25862,0.10345,0.25,0,0,0,0.23214,0.035714,0.21429,0.26786,0.16469,0.43372,0.011374,90,9.7268,52,29,0.0014472,0.34545,1,0.13287,0.97552,2,2,3,3,1,1,1,0,0.00058651,0
2,2,0.12785,0.11433,0.076624,1,0.5085,0.03574,0.073171,0.31707,0,0,0.17073,0,0.085366,0.26829,0.085366,0.1,0,0.025,0,0.1875,0.0125,0.1625,0.5125,0.22547,0.55773,0.040283,154.84,5.1718,91,39,0.0023653,0.016393,1,0.10695,0.98663,2,2,3,3,1,1,1,0,0.00058651,0
2,0,0,0,0.25672,1,0.47965,0.053431,0.13514,0.24324,0,0,0.13514,0,0.10811,0.24324,0.13514,0.085714,0,0,0,0.17143,0.057143,0.28571,0.4,0.10824,0.34452,0.0029735,90,10.027,33,19,0.0016828,0,1,0.2623,1,2,3,3,3,1,1,1,0,0.001173,0
1,3,0.11357,0.075691,0.20707,1,0.59618,0.24866,0.072727,0.018182,0.14545,0.10909,0.090909,0.21818,0.10909,0.054545,0.18182,0.2037,0.074074,0.14815,0,0.074074,0.055556,0.24074,0.2037,0.24864,0.40648,0.14211,180,27.426,11,31,0.017143,0,0.1828,0.056872,1,2,2,3,3,1,1,-1,0,-0.00058651,0
1,0,0,0,0.76021,1,0.60517,0.094921,0.04918,0.16393,0.19672,0.032787,0.032787,0.098361,0.16393,0.098361,0.16393,0.16667,0.066667,0.05,0.05,0.25,0.066667,0.15,0.2,0.0957,0.48611,0.021308,90,21.523,11,35,0.007889,0.68539,1,0.34545,1,3,2,2,3,0,1,1,0,0.002346,0
1,0,0,0,0.86442,1,0.68369,0.059422,0.071429,0.11905,0.2619,0.095238,0,0,0.19048,0.14286,0.11905,0.17073,0.04878,0.14634,0.097561,0.097561,0.04878,0.31707,0.073171,0.05903,0.23155,0.0037894,90,25.308,9,29,0.0057893,0.98551,0.9058,0.28,0.90667,2,2,2,2,1,1,1,0,0.0029326,0
1,0,0,0,0.48249,1,0.49514,0.085096,0.11765,0.11765,0.14706,0.088235,0,0,0.14706,0.20588,0.17647,0.18182,0.090909,0.18182,0,0.060606,0.030303,0.24242,0.21212,0.085023,0.14913,0.046117,53.069,22.949,10,24,0.0031409,1,0.89474,0,0.91892,2,4,1,1,-1,0,1,0,0.001173,0
1,2,0.089597,0.05791,0.98338,1,0.75742,0.15213,0.25373,0.1194,0.074627,0.13433,0.1194,0.044776,0.089552,0.10448,0.059701,0.12121,0,0.075758,0,0.43939,0.045455,0.10606,0.21212,0.15323,0.66876,0.020369,180,27.139,17,44,0.020123,0,1,0.55085,0.21186,3,5,3,3,1,-1,1,0,0.001173,0
1,2,0.067737,0.026473,1.0719,1,0.58147,0.16804,0.16949,0.10169,0.10169,0.13559,0.067797,0.067797,0.16949,0.084746,0.10169,0.068966,0,0.051724,0,0.48276,0.017241,0.12069,0.25862,0.16948,0.59285,0.027346,180,23.852,16,33,0.016183,0,1,0.76699,0,2,3,2,3,1,1,0,1,0,0.0024969
2,2,0.24319,0.24319,0.27497,1,0.71311,0.055484,0,0.055556,0.19444,0.055556,0.22222,0.11111,0.19444,0,0.16667,0,0,0,0,0.44118,0.058824,0.23529,0.26471,0.10163,1.1332,0.036136,90,11.376,22,16,0.019037,0,0.7166,0.99526,0.54502,2,4,2,3,1,1,1,0,0.0029326,0
3,0,0,0,0.21774,1,0.76928,0.072152,0,0.02,0.14,0.12,0.12,0.24,0.12,0,0.24,0.2766,0,0.021277,0,0,0.042553,0.25532,0.40426,0.31851,0.95867,0.050834,80.009,6.9907,36,29,0.0014852,0.78804,0.93478,0.070529,0.55164,4,4,3,3,-1,-1,1,0,0.002346,0
3,1,0.10616,0.10616,0.18249,1,0.73643,0.061112,0,0.046512,0.23256,0,0.15116,0.27907,0.11628,0,0.17442,0.27711,0,0.048193,0,0.012048,0.012048,0.21687,0.43373,0.43491,1.314,0.049489,90,13.829,66,49,0.0020353,0.84615,0.97436,0.017928,0.57968,4,4,3,3,-1,-1,0,-1,0,-0.0012484
3,0,0,0,0.4019,1,0.81576,0.1142,0,0.015152,0.22727,0.030303,0.19697,0.27273,0.13636,0,0.12121,0.30159,0,0,0,0,0.031746,0.28571,0.38095,0.39006,1.1789,0.058883,46.784,8.2918,32,44,0.0020738,0.86921,0.9346,0.009324,0.56876,3,4,3,3,-1,-1,1,0,0.00058651,0
1,1,0.034521,0.034521,0.28888,1,0.87877,0.026511,0.041667,0.083333,0.375,0.083333,0,0.083333,0.16667,0.125,0.041667,0.30435,0,0.086957,0.086957,0.34783,0.043478,0.043478,0.086957,0.025343,0.85687,0.061848,77.983,19.642,8,10,0.028936,0.49495,0.71212,0.068323,0.062112,2,2,2,2,-1,-1,-1,0,-0.001173,0
2,4,0.2398,0.013258,0.37674,1,0.65511,0.0068967,0.061728,0.20988,0.18519,0.061728,0.1358,0.074074,0.14815,0.061728,0.061728,0.18987,0.050633,0.17722,0.050633,0.29114,0.012658,0.13924,0.088608,0.033432,1.1553,0.054812,144.64,11.884,72,39,0.036826,0.16265,0.5,0.23913,0.48792,4,6,3,3,-1,-1,1,1,0.00058651,0.0024969
2,4,0.23084,0.094248,0.39113,1,0.67113,0.046601,0.058824,0.15294,0.2,0.082353,0.082353,0.11765,0.12941,0.10588,0.070588,0.18072,0.048193,0.12048,0.084337,0.24096,0.012048,0.13253,0.18072,0.066924,1.1913,0.066756,83.013,13.679,89,48,0.041531,0.12748,0.51558,0.2217,0.43632,3,3,3,3,-1,-1,1,-1,0.001173,-0.0024969
2,0,0,0,0.26243,1,0.64814,0.13238,0.13514,0.10811,0.21622,0,0.054054,0,0.10811,0.27027,0.10811,0.22857,0,0.028571,0,0.17143,0.085714,0.25714,0.22857,0.27101,0.7338,0.097659,94.259,12.89,30,22,0.0076971,0.19643,0.99554,0.14963,1,3,4,3,3,1,1,-1,-1,-0.00058651,-0.0024969
2,0,0,0,0.18581,1,0.88011,0.0306,0.030303,0.060606,0.21212,0.030303,0.18182,0,0.090909,0.24242,0.15152,0.29032,0,0.032258,0,0.16129,0.032258,0.25806,0.22581,0.064202,0.25246,0.017213,170.01,14.794,27,15,0.00087098,0,1,0.33582,0.94776,2,2,3,3,1,1,1,0,0.00058651,0
2,1,0.14365,0.14365,0.12509,1,0.84628,0.028141,0.029412,0.029412,0.32353,0,0,0.14706,0.058824,0.11765,0.29412,0.3125,0,0,0,0.09375,0.03125,0.25,0.3125,0.093373,0.26307,0.012247,90,11.573,24,21,0.00086439,0.28889,1,0.15976,1,2,2,3,3,1,1,1,0,0.001173,0
1,2,0.13851,0.11358,0.34915,1,0.6978,0.25134,0.10667,0.08,0.08,0,0,0.08,0.21333,0.25333,0.18667,0.2027,0.067568,0.054054,0,0.14865,0.027027,0.39189,0.10811,0.25387,0.58718,0.12816,180,15.863,23,41,0.032592,0.13613,1,0.26848,1,2,2,2,3,0,1,1,-1,0.00058651,-0.0024969
1,2,0.12646,0.095288,0.35803,1,0.62034,0.27939,0.071429,0.071429,0.11429,0.071429,0.12857,0.17143,0.17143,0.085714,0.11429,0.21739,0.057971,0.057971,0.15942,0.15942,0.028986,0.11594,0.2029,0.27692,1.166,0.2789,144.83,27.828,12,32,0.10248,0.20718,0,0.056842,0.51789,2,3,3,3,0,1,0,1,0,0.0024969
2,2,0.29023,0.049115,0.32007,1,0.54345,0.48027,0.022727,0.34091,0,0.15909,0.15909,0.068182,0.20455,0.045455,0,0.61905,0,0.071429,0,0.047619,0,0.16667,0.095238,0.40768,0.97843,0.051956,166.78,20.137,15,23,0.013624,0.63051,0.24407,0,1,3,3,2,3,-1,-1,0,-1,0,-0.0012484
2,1,0.28061,0.28061,0.44236,1,0.90811,0.13558,0.095238,0.095238,0.071429,0.11905,0.047619,0.071429,0.2381,0.071429,0.19048,0.175,0.05,0.15,0.1,0.075,0.075,0.2,0.175,0.27708,0.9047,0.11813,90,11.79,35,19,0.034743,0.29716,1,0.048662,0,3,5,3,3,-1,-1,1,0,0.002346,0
1,0,0,0,0.25063,1,0.60261,0.26632,0,0.015152,0.075758,0.22727,0.10606,0.18182,0.21212,0.075758,0.10606,0.27692,0.030769,0.2,0.061538,0.15385,0.030769,0.15385,0.092308,0.26814,0.94497,0.14787,90,29.347,18,50,0.048969,1,0.2,0,0.4938,2,2,2,2,-1,-1,-1,-1,-0.0017595,-0.0012484
1,0,0,0,0.36363,1,0.83039,0.065903,0.075472,0.11321,0.24528,0.11321,0,0.09434,0.18868,0.11321,0.056604,0.17308,0.038462,0.096154,0.13462,0.26923,0.038462,0.096154,0.15385,0.062643,0.94403,0.10618,85.118,19.027,8,27,0.050464,0.31387,0.39781,0.16949,0.031073,2,2,2,2,-1,-1,-1,-1,-0.0035191,-0.0024969
3,3,0.15637,0.031227,0.39444,1,0.71868,0.059824,0,0.028571,0.17143,0.028571,0.14286,0.22857,0.11429,0,0.28571,0.375,0,0.03125,0,0.09375,0,0.1875,0.3125,0.24776,0.74423,0.048098,6.9507,1.0877,29,12,0.00064143,0.76423,0.92276,0.020478,0.57338,4,3,4,3,-1,-1,1,0,0.00058651,0
2,0,0,0,0.36693,1,0.52107,0.35117,0.015152,0.10606,0.12121,0.030303,0.19697,0.13636,0.22727,0.060606,0.10606,0.28125,0.078125,0.15625,0.03125,0.046875,0.046875,0.10938,0.25,0.35166,0.92423,0.075999,115.16,16.509,50,38,0.019297,0.34728,0.23013,0.058824,0.97712,3,4,4,4,-1,-1,-1,0,-0.00058651,0
2,2,0.059857,0.0049938,0.39085,1,0.63433,0.058677,0.02381,0.11905,0.19048,0.047619,0.19048,0.16667,0.19048,0.047619,0.02381,0.175,0.075,0.1,0.075,0.225,0.025,0.05,0.275,0.071785,0.68635,0.0073996,90,10.541,36,16,0.012104,0.98522,0.37438,0.13934,0.58607,3,3,3,4,0,1,0,-1,0,-0.0049938
1,1,0.15645,0.15645,0.27865,1,0.5802,0.3171,0.085106,0.10638,0.23404,0.14894,0,0,0.19149,0.10638,0.12766,0.23913,0.021739,0.065217,0.065217,0.15217,0.021739,0.17391,0.26087,0.31586,0.66794,0.073737,90,18.036,11,23,0.043258,0.98068,0.98068,0.24928,0.97421,2,2,2,2,1,1,0,1,0,0.0012484
1,2,0.44996,0.35025,0.34488,1,0.67536,0.50956,0.090909,0.11364,0.13636,0.18182,0,0,0.13636,0.13636,0.20455,0.2093,0.046512,0.16279,0,0.046512,0,0.37209,0.16279,0.50951,0.74743,0.29203,54.828,12.352,12,24,0.078485,1,0.93269,0.04,1,2,1,1,2,-1,0,1,0,0.0017595,0
1,1,0.14164,0.14164,0.2597,1,0.81258,0.022097,0.056338,0.19718,0.26761,0.056338,0,0.084507,0.22535,0.084507,0.028169,0.25714,0.014286,0.11429,0.085714,0.28571,0.028571,0.042857,0.17143,0.020025,1.2836,0.070928,85.118,17.686,28,43,0.058318,0.28839,0.3633,0.2588,0.23188,2,2,2,2,-1,-1,0,-1,0,-0.0024969
1,2,0.17217,0.046517,0.3105,1,0.68394,0.0063515,0.017544,0.12281,0.2807,0.087719,0,0.087719,0.26316,0.070175,0.070175,0.28571,0.035714,0.125,0,0.375,0.017857,0.10714,0.053571,0.0087587,0.50042,0.036553,90,22.818,18,30,0.0089024,0.56522,0.57391,0.028736,0.068966,2,2,2,2,-1,-1,-1,-1,-0.00058651,-0.0024969
2,1,0.00058651,0.00058651,0.25989,1,0.66819,0.039336,0.050847,0.18644,0.22034,0.050847,0.033898,0.050847,0.23729,0.10169,0.067797,0.26316,0.052632,0.052632,0.10526,0.21053,0.035088,0.052632,0.22807,0.025324,0.54872,0.021385,128.72,11.301,65,33,0.0053342,0.20192,0.65385,0.19149,0.67553,3,3,3,3,-1,-1,1,0,0.00058651,0
1,0,0,0,0.25637,1,0.82816,0.037702,0.023256,0.11628,0.25581,0.046512,0.13953,0.069767,0.11628,0.069767,0.16279,0.16667,0.02381,0.16667,0.047619,0.35714,0,0.02381,0.21429,0.036553,1.0396,0.12785,79.646,17.961,9,22,0.047905,0.56158,0.86207,0,0.016129,3,5,3,1,-1,-1,-1,0,-0.001173,0
1,3,0.38099,0.24573,0.23361,1,0.82583,0.016552,0.12281,0.096491,0.2193,0.061404,0.10526,0.087719,0.16667,0.052632,0.087719,0.14159,0.079646,0.15044,0.070796,0.35398,0,0.035398,0.16814,0.016088,1.0375,0.10647,90,23.238,31,74,0.043767,0.63536,0.69061,0.032967,0,3,2,4,2,0,1,-1,0,-0.001173,0
2,0,0,0,0.33979,1,0.71504,0.14644,0.069767,0.069767,0.13953,0.023256,0,0.18605,0.25581,0.11628,0.13953,0.34146,0.02439,0.29268,0,0,0,0.14634,0.19512,0.17258,0.42702,0.027628,84.632,11.623,45,19,0.0048557,0.36522,0.034783,0.15094,0.8805,3,2,2,2,-1,-1,-1,0,-0.00058651,0
3,0,0,0,0.32343,1,0.80675,0.056265,0.027027,0.081081,0.10811,0.10811,0.081081,0.16216,0.2973,0.027027,0.10811,0.20588,0,0,0,0,0.088235,0.55882,0.14706,0.10992,0.4057,0.023978,50.575,3.7644,41,22,0.0030213,0.34307,0.87591,0,0.47236,4,8,3,3,1,-1,1,0,0.00058651,0
3,1,0.24869,0.24869,0.30523,1,0.73736,0.087697,0.096774,0.25806,0.12903,0.096774,0.12903,0.096774,0.19355,0,0,0.35714,0,0,0,0.071429,0.10714,0.39286,0.071429,0.19406,0.58477,0.015662,26.876,4.1782,15,9,0.00056418,0.35652,1,0.011299,0.36723,3,3,3,3,-1,-1,1,0,0.001173,0
1,1,0.29274,0.29274,0.20102,1,0.65975,0.26016,0.10294,0.073529,0.32353,0.044118,0.029412,0.16176,0.17647,0.058824,0.029412,0.32836,0.029851,0.044776,0.074627,0.1791,0.074627,0.089552,0.1791,0.2592,1.2384,0.040226,171.1,21.181,13,50,0.042367,0.76404,0.95506,0.074519,0.57212,3,3,3,3,1,1,1,1,0.0041056,0.0012484
2,2,0.062261,0.050261,0.15367,1,0.62826,0.12242,0,0.029412,0.029412,0.029412,0.058824,0.088235,0.41176,0.14706,0.20588,0.40625,0.09375,0.0625,0,0.09375,0,0.0625,0.28125,0.26105,0.57443,0.073126,174.63,20.571,13,12,0.0023585,0.75238,0.94286,0,0.94393,3,4,2,2,-1,-1,1,0,0.00058651,0
2,3,0.13278,0,0.35548,1,0.68963,0.14707,0.067797,0.084746,0.067797,0.10169,0.033898,0.20339,0.15254,0.11864,0.16949,0.31579,0.035088,0.035088,0.035088,0.17544,0.070175,0.17544,0.15789,0.19401,0.79822,0.10124,180,16.18,30,31,0.017773,0.79295,0.84141,0.03,0.91,4,4,2,4,-1,1,0,0,0,0
3,2,0.16534,0.11368,0.33869,1,0.74749,0.083036,0.068966,0,0.10345,0.086207,0.086207,0.31034,0.18966,0,0.15517,0.49091,0,0.018182,0,0.036364,0,0.27273,0.18182,0.27219,0.8194,0.051611,85.969,7.205,40,27,0.00096519,0.31797,0.84793,0.016611,0.5515,3,3,3,3,-1,-1,1,0,0.00058651,0
3,1,0.18771,0.18771,0.36254,1,0.72565,0.099403,0.093333,0,0.08,0.093333,0.14667,0.24,0.12,0,0.22667,0.45833,0,0.027778,0,0.013889,0.027778,0.27778,0.19444,0.28679,0.86501,0.064887,86.639,10.765,46,43,0.0011459,0.2875,0.8375,0,0.49518,3,4,3,4,-1,-1,1,0,0.00058651,0
3,2,0.14253,0.12872,0.3412,1,0.75062,0.055057,0.065217,0.032609,0.1087,0.1087,0.13043,0.18478,0.13043,0,0.23913,0.55056,0,0.044944,0,0.022472,0,0.22472,0.1573,0.2407,0.72737,0.05258,90,10.027,69,49,0.0009204,0.36181,0.74372,0,0.51825,3,3,3,3,-1,-1,1,0,0.00058651,0
3,2,0.25099,0.19477,0.1828,1,0.66628,0.041132,0,0.042553,0.29787,0,0,0.21277,0.10638,0.29787,0.042553,0.31818,0,0,0,0.045455,0.068182,0.43182,0.13636,0.12097,0.36503,0.0065652,28.02,2.2858,40,17,0.00022357,0.51,0.71,0.023346,0.99222,3,3,3,3,1,1,1,0,0.00058651,0
2,1,0.2664,0.2664,0.23041,1,0.6658,0.30725,0,0,0.29091,0,0,0.18182,0.23636,0.25455,0.036364,0.41509,0,0.11321,0.18868,0.09434,0.037736,0.037736,0.11321,0.1604,0.51332,0.016995,88.718,11.058,50,31,0.0068461,0.81169,0,0.022293,0.7707,2,4,2,3,1,1,0,1,0,0.0049938
2,3,0.25742,0.10858,0.32159,1,0.64875,0.38622,0.11765,0,0.14706,0.19118,0.19118,0,0.14706,0.10294,0.10294,0.54545,0,0.015152,0,0.045455,0,0.030303,0.36364,0.40393,0.84845,0.089208,83.301,11.585,29,34,0.009593,0.31739,0.86522,0,0.96131,3,2,2,2,-1,-1,1,0,0.00058651,0
1,2,0.32862,0.22207,0.2833,1,0.6347,0.41776,0.057143,0.11429,0,0.14286,0,0,0.4,0.057143,0.22857,0.38235,0,0.058824,0,0.058824,0.058824,0.38235,0.058824,0.41786,0.53581,0.22329,96.699,21.53,11,19,0.025025,0.40201,1,0,1,2,2,1,2,-1,-1,1,0,0.00058651,0
4,8,0.23473,0,0.41107,1,0.64744,0.2622,0.013889,0.15278,0.16667,0.055556,0.069444,0.097222,0.125,0.22222,0.097222,0.38235,0,0.029412,0,0.14706,0,0,0.44118,0.27902,1.1635,0.023216,173.3,4.4668,21,15,0.00066193,0.41429,0.96667,0.0083333,0.89583,7,10,4,4,-1,-1,0,0,0,0
3,2,0.10919,0.10558,0.35199,1,0.57437,0.31111,0.016949,0.15254,0.11864,0.033898,0.084746,0.084746,0.22034,0.25424,0.033898,0.44643,0,0.017857,0,0.071429,0,0,0.46429,0.3409,1.0517,0.030226,90,10.319,26,32,0.0011312,0.38306,0.63306,0.10272,0.85801,4,6,3,3,-1,-1,0,-1,0,-0.0024969
3,2,0.12422,0.12422,0.47709,1,0.54445,0.31975,0,0.10345,0.12644,0.022989,0.091954,0.14943,0.17241,0.29885,0.034483,0.53571,0,0.071429,0,0.02381,0,0,0.36905,0.35336,1.0713,0.041539,90,12.022,84,45,0.0020009,0.42813,0.5841,0.068323,0.86646,3,5,3,3,-1,-1,0,-1,0,-0.0024969
3,2,0.32026,0.12016,0.40421,1,0.52767,0.37729,0.042735,0.15385,0.08547,0.11111,0.094017,0.11111,0.15385,0.19658,0.051282,0.58772,0,0.035088,0,0.017544,0,0,0.35965,0.37543,1.1327,0.050518,90,10.052,57,44,0.0024049,0.38868,0.47547,0.016234,1,3,3,3,3,-1,-1,-1,-1,-0.00058651,-0.0012484
1,6,0.26685,0.02373,0.48773,1,0.82597,0.23026,0,0.22222,0.11111,0.055556,0.097222,0.16667,0.15278,0.19444,0,0.26761,0,0.014085,0,0.59155,0,0.084507,0.042254,0.23116,0.87524,0.0077445,154.84,23.179,23,41,0.021347,0,1,0.77099,0.25954,2,2,2,2,1,1,0,1,0,0.0012484
1,3,0.30323,0.14829,0.52424,1,0.77109,0.38264,0.048387,0.1129,0.17742,0.064516,0.12903,0.1129,0.064516,0.29032,0,0.032787,0,0,0,0.59016,0,0.11475,0.2623,0.38645,1.1084,0.027508,173.3,25.349,30,34,0.034873,0,1,0.88079,0,2,2,2,2,1,1,1,1,0.001173,0.0037453
3,3,0.14137,0.067417,0.51329,1,0.66282,0.13579,0.12,0.093333,0.13333,0.08,0,0.053333,0.17333,0.066667,0.28,0,0,0,0,0.069444,0.20833,0.23611,0.48611,0.24963,0.90983,0.03559,90,14.857,54,42,0.0084566,0,1,0.12963,0.94074,3,6,3,3,1,-1,1,0,0.002346,0
3,1,0.097489,0.097489,0.40643,1,0.48831,0.098808,0.14474,0.039474,0.19737,0.078947,0,0.078947,0.18421,0.065789,0.21053,0,0,0,0,0.027397,0.21918,0.20548,0.54795,0.19897,0.70994,0.03475,90,5.1052,73,40,0.0050128,0,0.91398,0.10233,0.89767,3,4,3,3,1,-1,1,0,0.00058651,0
1,3,0.20592,0.13059,0.5269,1,0.59227,0.003791,0.16418,0.059701,0.19403,0.074627,0,0.074627,0.1791,0.10448,0.14925,0.015152,0.075758,0.13636,0.030303,0.25758,0.10606,0.13636,0.24242,0.0068967,0.63186,0.11351,90,14.429,26,40,0.023441,0.024631,0,0.044199,0.071823,1,2,2,2,1,-1,-1,-1,-0.002346,-0.0024969
1,1,0.058585,0.058585,0.46979,1,0.51037,0.017191,0.2,0.076923,0.16923,0.12308,0,0.076923,0.12308,0.061538,0.16923,0.046875,0.09375,0.078125,0.1875,0.17188,0.046875,0.09375,0.28125,0.018352,0.593,0.066989,90,15.225,21,43,0.017691,0.16578,0,0.12299,0.13369,1,2,2,2,1,-1,-1,0,-0.001173,0
1,0,0,0,0.39007,1,0.43434,0.0069179,0.16667,0.10256,0.19231,0.076923,0,0.051282,0.17949,0.051282,0.17949,0.1039,0.012987,0.23377,0,0.24675,0.051948,0.18182,0.16883,0.0091451,0.54213,0.096916,90,11.407,46,47,0.014726,0.10949,0,0.018182,0.030303,2,2,2,2,0,-1,-1,0,-0.002346,0
2,2,0.08255,0.067211,0.22017,1,0.54183,0.09976,0.083333,0,0,0.125,0.055556,0.055556,0.34722,0.11111,0.22222,0.12857,0.028571,0.12857,0.014286,0.12857,0.042857,0.22857,0.3,0.23698,0.79511,0.081784,180,18.958,48,49,0.0045083,0,0.80986,0,0.94059,4,5,4,4,1,-1,-1,0,-0.002346,0
2,2,0.11271,0.1086,0.25056,1,0.56618,0.13796,0.075758,0,0,0.18182,0.060606,0,0.37879,0.18182,0.12121,0.09375,0.015625,0.078125,0,0.10938,0.03125,0.23438,0.4375,0.25625,0.69226,0.065568,180,14.15,47,33,0.0025694,0.025,1,0,1,3,3,4,2,1,-1,0,0,0,0
2,1,0.33661,0.33661,0.10479,1,0.60233,0.0062422,0,0.054054,0.37838,0,0,0.10811,0.24324,0.13514,0.081081,0.28571,0,0.057143,0.17143,0.2,0.028571,0.057143,0.2,0.11075,0.39217,0.010141,136.78,12.17,39,24,0.003103,0.41667,0.95,0.20074,0,3,3,4,3,1,1,-1,1,-0.00058651,0.0024969
1,2,0.1697,0.11379,2.1156,1,0.75364,0.41275,0,0.16949,0.15254,0.15254,0.09322,0.10169,0.050847,0.15254,0.12712,0,0,0,0,0.36752,0.025641,0.30769,0.29915,0.41683,1.6312,0.0041456,171.1,24.453,45,74,0.17353,0,1,0.47134,0.6879,1,6,1,6,1,0,1,0,0.0041056,0
1,2,0.4374,0.37284,1.3602,1,0.9416,0.47039,0.086957,0.10435,0.14783,0.086957,0.086957,0.17391,0.14783,0.14783,0.017391,0,0,0,0,0.39474,0.017544,0.15789,0.42982,0.47098,1.9897,0.071969,180,18.28,47,78,0.192,0,1,0.45487,0.52347,1,3,1,4,1,-1,1,0,0.00058651,0
1,2,0.23582,0.0025648,1.642,1,0.77892,0.42217,0,0.175,0.066667,0.125,0.13333,0.23333,0.091667,0.175,0,0.0084034,0,0.0084034,0,0.35294,0.016807,0.28571,0.32773,0.4223,1.5644,0.0017615,175.52,20.696,41,83,0.14843,0,0.99861,0.56311,0.65049,2,6,3,6,1,0,0,-1,0,-0.0024969
1,5,0.31633,0.18422,2.0098,1,0.73806,0.42441,0,0.14286,0.092437,0.16807,0.092437,0.21008,0.11765,0.15966,0.016807,0.0084746,0,0.0084746,0,0.31356,0.059322,0.27966,0.33051,0.42464,1.3848,0.011732,180,23.193,37,65,0.12986,0,1,0.56213,0.66864,3,4,3,5,1,0,0,-1,0,-0.0049938
1,3,0.24353,0.12528,1.5952,1,0.72603,0.35095,0.020408,0.12245,0.11224,0.14286,0.081633,0.21429,0.10204,0.18367,0.020408,0.010309,0,0,0,0.34021,0.030928,0.29897,0.31959,0.35387,1.2489,0.022136,174.25,23.927,32,53,0.10016,0,1,0.60452,0.46328,2,4,2,5,1,0,1,0,0.0029326,0
1,1,0.18273,0.18273,1.8395,1,0.81229,0.35527,0,0.17431,0.10092,0.018349,0.091743,0.22018,0.21101,0.11927,0.06422,0,0,0,0,0.36111,0.064815,0.21296,0.36111,0.35515,1.3571,0.0019365,173.3,22.791,31,65,0.12469,0,1,0.74675,0.57792,1,7,1,8,1,1,0,-1,0,-0.0012484
1,3,0.17045,0.11362,1.2646,1,0.56799,0.27061,0.010309,0.15464,0.10309,0.020619,0.082474,0.23711,0.20619,0.17526,0.010309,0.041667,0,0,0,0.36458,0.041667,0.25,0.30208,0.27294,1.3175,0.011952,177.01,20.527,37,50,0.082068,0,1,0.71512,0.58721,4,5,4,6,1,1,1,0,0.002346,0
1,3,0.1534,0.084,1.588,1,0.67286,0.28325,0.060345,0.12931,0.086207,0.17241,0.094828,0.18103,0.051724,0.14655,0.077586,0.034783,0,0,0,0.38261,0.017391,0.26957,0.29565,0.28237,1.3708,0.007352,162.61,22.562,42,73,0.092096,0,0.99583,0.49296,0.6831,2,6,3,6,1,0,-1,-1,-0.001173,-0.0024969
1,1,0.1721,0.1721,1.3629,1,0.91606,0.31017,0.054054,0.09009,0.10811,0.17117,0.063063,0.20721,0.081081,0.21622,0.009009,0.018182,0,0,0,0.34545,0.12727,0.14545,0.36364,0.30945,1.3885,0.020755,180,22.164,30,64,0.095911,0,0.99811,0.6044,0.53846,2,5,3,6,1,1,-1,-1,-0.00058651,-0.0024969
1,1,0.29504,0.29504,1.5201,1,0.73605,0.36252,0,0.136,0.136,0.152,0.088,0.176,0.104,0.152,0.056,0.016129,0,0,0,0.3871,0.048387,0.20161,0.34677,0.36189,1.774,0.035975,90,22.982,45,70,0.16606,0,0.99838,0.51832,0.50785,2,7,3,8,1,0,-1,-1,-0.00058651,-0.0037453
1,4,0.18536,0.001173,1.9674,1,0.93188,0.48332,0,0.18261,0.10435,0.15652,0.10435,0.18261,0.086957,0.13043,0.052174,0,0,0.017544,0,0.35965,0.04386,0.23684,0.34211,0.48274,1.6549,0.0084014,180,18.836,41,64,0.18366,0,0.99758,0.59898,0.5736,1,5,2,6,1,0,-1,0,-0.00058651,0
1,1,0.13654,0.13654,2.0752,1,0.8843,0.38851,0.088235,0.088235,0.068627,0.14706,0.088235,0.16667,0.068627,0.18627,0.098039,0,0,0,0,0.39604,0.019802,0.23762,0.34653,0.39144,1.4081,0.001997,90,21.278,32,58,0.12552,0,1,0.54967,0.47682,1,5,1,6,1,1,1,0,0.0029326,0
1,3,0.24199,0.17206,1.3858,1,0.6512,0.31066,0.020833,0.17708,0.083333,0.14583,0.09375,0.21875,0.09375,0.11458,0.052083,0,0,0,0,0.34737,0.084211,0.17895,0.38947,0.31125,1.3477,0.0076502,180,27.422,31,54,0.099271,0,1,0.40782,0.54749,1,6,1,7,1,1,1,0,0.00058651,0
2,2,0.37718,0.077723,0.1839,1,0.40895,0.086204,0.070423,0.12676,0.19718,0,0.15493,0,0.084507,0.28169,0.084507,0.33333,0,0,0,0.14493,0.057971,0.26087,0.2029,0.17954,0.48928,0.03511,180,11.564,55,43,0.0034416,0.2521,1,0.078947,1,3,5,3,3,1,-1,1,0,0.002346,0
6,8,0.51267,0.049994,0.17556,1,0.59752,0.13547,0.008547,0.10256,0.1453,0.12821,0.059829,0.15385,0.076923,0.11111,0.21368,0.54054,0.054054,0.063063,0.009009,0.10811,0,0.027027,0.1982,0.20688,1.3999,0.02363,174.74,9.4108,142,51,0.0018094,0.89944,0.20112,0,0.99374,11,21,8,6,0,-1,0,-1,0,-0.0012484
7,7,0.35486,0.0037453,0.10883,1,0.6381,0.141,0.015152,0.045455,0.18939,0.13636,0.068182,0.16667,0.15909,0.16667,0.05303,0.624,0.008,0.072,0.008,0.08,0,0.008,0.2,0.19945,1.4988,0.0052042,180,8.62,239,76,0.0010953,1,0,0,0.9749,10,20,7,7,0,-1,0,1,0,0.0037453
1,5,0.21589,0,2.3993,1,0.84873,0.33588,0.080292,0.15328,0.072993,0.17518,0.094891,0.20438,0.051095,0.15328,0.014599,0,0,0,0,0.375,0.051471,0.25,0.32353,0.33588,1.2166,0.013498,166.78,25.746,35,70,0.093857,0,1,0.40179,0.51786,1,6,1,6,1,0,0,0,0,0
1,0,0,0,0.4408,1,0.95157,0.028085,0.20879,0.087912,0.16484,0.10989,0,0.076923,0.17582,0.043956,0.13187,0.12222,0.022222,0.23333,0.022222,0.24444,0.022222,0.13333,0.2,0.02769,0.78802,0.095583,90,19.377,34,66,0.035187,0.17105,0.14474,0.15226,0.061728,4,3,3,3,-1,0,1,0,0.002346,0
1,0,0,0,0.39813,1,0.92323,0.0082761,0.19444,0.10185,0.17593,0.074074,0,0.083333,0.19444,0.064815,0.11111,0.11215,0.046729,0.2243,0,0.27103,0.065421,0.11215,0.16822,0.0061091,0.57686,0.079453,90,16.265,52,67,0.015569,0.12,0.08,0.11299,0.090395,2,3,3,3,1,-1,0,-1,0,-0.0024969
1,2,0.16961,0.10092,1.5648,1,0.96427,0.21777,0.17857,0.17857,0.10714,0,0.017857,0.35714,0,0,0.16071,0.054545,0.072727,0.21818,0.036364,0,0.054545,0.41818,0.14545,0.21826,0.68654,0.019087,180,28.998,11,37,0.032608,0,0.71824,0.26154,1,3,3,3,3,1,0,1,0,0.00058651,0
4,1,0.3173,0.3173,0.71227,1,0.86225,0.1764,0.13333,0.1,0.31667,0,0,0.041667,0.091667,0.058333,0.25833,0.043103,0.10345,0.086207,0,0,0.12069,0.43103,0.21552,0.18527,0.87337,0.019807,133.22,13.351,69,75,0.0042463,0.012766,0.67872,0.15806,1,6,7,4,7,1,0,-1,0,-0.0017595,0
2,0,0,0,1.6266,1,0.94163,0.11735,0,0,0.14035,0.22807,0.15789,0.33333,0,0.035088,0.10526,0.090909,0.10909,0,0,0.036364,0.090909,0.50909,0.16364,0.14151,0.33434,0.0013861,62.436,15.737,18,34,0.0023341,0,0.66149,0.6129,1,3,3,2,3,1,1,0,-1,0,-0.0012484
2,1,0.11686,0.11686,0.99797,1,0.86509,0.11664,0,0,0.43662,0,0.12676,0.1831,0.21127,0.042254,0,0.17391,0,0.028986,0,0.26087,0.27536,0.15942,0.10145,0.18041,0.42679,0.001184,90,21.095,18,42,0.0032286,0,0.84401,1,0.5858,3,3,2,3,1,1,0,-1,0,-0.0012484
2,1,0,0,0.6449,1,0.82512,0.1258,0,0,0.42857,0.071429,0.14286,0.14286,0.21429,0,0,0.14815,0,0.018519,0,0.46296,0.2037,0.092593,0.074074,0.1997,0.48243,0.011493,90,15.243,22,29,0.0040759,0,0.88079,1,0.53182,3,3,2,2,0,1,0,0,0,0
2,0,0,0,0.88865,1,0.60584,0.083369,0,0,0.20833,0,0.0625,0.29167,0.25,0.14583,0.041667,0.043478,0,0,0,0.19565,0.065217,0.5,0.19565,0.097425,0.2146,0.00014226,70.59,21.52,29,34,0.0010632,0,0.90446,0.93976,1,3,2,2,2,1,0,0,-1,0,-0.0024969
2,0,0,0,0.88948,1,0.47088,0.063943,0,0,0.20408,0,0,0.28571,0.18367,0.2449,0.081633,0.14894,0,0,0,0.17021,0.14894,0.40426,0.12766,0.08427,0.18484,0.0025546,90,19.037,28,30,0.00069104,0,0.76056,1,0.93333,3,2,2,2,1,0,0,-1,0,-0.0024969
2,1,0.11596,0.11596,0.48917,1,0.88599,0.18735,0.46753,0.090909,0.064935,0,0,0.1039,0.12987,0.077922,0.064935,0.04,0.17333,0.14667,0.12,0.093333,0.026667,0.08,0.32,0.27417,1.319,0.11498,90,17.118,37,43,0.068213,0.055446,0.26733,0.70722,0.30722,3,3,3,3,1,-1,1,0,0.001173,0
1,1,0.30338,0.30338,0.075004,1,0.85519,0.38098,0.043478,0.036232,0.14493,0.23188,0.15942,0.072464,0.07971,0.12319,0.1087,0.15328,0.065693,0.15328,0,0.014599,0,0.14599,0.46715,0.86018,1.1749,0.45231,103.22,24.79,40,88,0.10845,0.70909,0.64545,0,1,6,4,7,4,1,-1,0,-1,0,-0.0049938
1,3,0.12042,0.11364,0.42186,1,0.73787,0.11962,0.12727,0.12727,0.18182,0.054545,0.018182,0.10909,0.12727,0,0.25455,0.018519,0,0.055556,0.14815,0.40741,0,0.092593,0.27778,0.11706,0.35847,0.054214,115.16,18.793,11,31,0.0043644,0.32955,0.96591,0.93878,0.020408,3,2,3,3,-1,1,-1,-1,-0.00058651,-0.0024969
1,4,0.29014,0.085476,0.60256,1,0.85867,0.28466,0.11864,0.11864,0.20339,0.084746,0.067797,0.13559,0.050847,0,0.22034,0,0,0,0.086207,0.5,0.051724,0.086207,0.27586,0.28574,0.85102,0.11662,166.78,19.67,15,36,0.039712,0.15932,1,0.85652,0,2,2,1,2,-1,1,0,1,0,0.0012484
1,4,0.14667,0.0077031,0.71588,1,0.65785,0.14486,0.16071,0.10714,0.10714,0.053571,0.16071,0.071429,0.035714,0.071429,0.23214,0.054545,0,0.054545,0.036364,0.30909,0.036364,0.12727,0.38182,0.14081,0.78411,0.11198,147.19,23.242,16,31,0.032272,0.023438,0.94922,0.89286,1,2,2,2,3,-1,1,-1,0,-0.0041056,0
1,1,0.1242,0.1242,0.44429,1,0.69559,0.2448,0.15217,0.1087,0.043478,0,0,0.065217,0.21739,0.17391,0.23913,0.11111,0.088889,0.066667,0,0.11111,0.17778,0.31111,0.13333,0.2448,0.53727,0.10779,180,14.763,15,22,0.034625,0.0047847,1,0.15837,0.9276,2,2,2,2,1,1,0,0,0,0
2,0,0,0,1.5493,1,0.62155,0.11794,0,0,0.13953,0,0,0.18605,0.16279,0.11628,0.39535,0.12195,0.02439,0.04878,0,0,0.097561,0.5122,0.19512,0.14482,0.32876,0.00083535,90,16.062,20,20,0.0019327,0,0.76452,0.73404,1,3,3,2,3,1,0,-1,0,-0.0017595,0
1,1,0.10999,0.10999,0.31801,1,0.36972,0.23645,0.058824,0.058824,0.11765,0.17647,0.13725,0.098039,0.11765,0.058824,0.17647,0.2,0.06,0.24,0,0,0.06,0.22,0.22,0.23665,0.41414,0.13519,180,18.929,17,34,0.019468,0.23485,0,0.010256,0.97949,2,3,3,3,1,0,-1,0,-0.0029326,0
2,0,0,0,0.27973,1,0.40496,0.30732,0.17143,0.14286,0,0.17143,0.11429,0.11429,0.14286,0.14286,0,0.39394,0,0,0,0,0.030303,0.18182,0.39394,0.25806,0.58379,0.055074,29.44,6.2987,19,21,0.0052823,0.17949,0.3141,0,1,3,5,2,2,-1,-1,0,-1,0,-0.0012484
2,3,0.24619,0.20725,0.45988,1,0.49534,0.2643,0.13636,0,0.25,0.056818,0.10227,0.125,0.068182,0.13636,0.125,0.2093,0,0,0,0.2907,0,0.05814,0.44186,0.26164,1.0649,0.054016,160.59,9.2852,92,46,0.014336,0.26724,0.97845,0.1519,1,3,3,3,3,-1,-1,0,-1,0,-0.0049938
1,0,0,0,0.40692,1,0.57194,0.25875,0.16667,0.14286,0.047619,0,0.02381,0.047619,0.28571,0.14286,0.14286,0.14634,0.02439,0.04878,0,0.19512,0.14634,0.29268,0.14634,0.25905,0.63589,0.1198,90,22.236,15,22,0.039272,0.025751,1,0.26394,0.92565,2,2,2,2,1,1,1,0,0.00058651,0
1,1,0.19442,0.19442,0.30983,1,0.46298,0.34401,0.076923,0.12821,0.10256,0.10256,0.17949,0.12821,0.12821,0.051282,0.10256,0.13158,0.13158,0.10526,0,0.026316,0.078947,0.26316,0.26316,0.34151,0.54407,0.16522,180,21.391,9,21,0.033723,0.20109,0,0.014337,0.99283,2,3,3,3,1,1,0,1,0,0.0024969
2,2,0.073627,0.063045,2.1385,1,0.66643,0.11736,0,0,0.1,0.18,0.16,0.28,0,0,0.28,0.083333,0.10417,0.041667,0,0.041667,0.020833,0.5,0.20833,0.17657,0.40918,0.0018433,90,12.652,15,26,0.0030032,0,0.78032,0.46875,1,3,2,2,3,1,0,-1,-1,-0.0017595,-0.0024969
4,0,0,0,0.11745,1,0.50527,0.076676,0.065217,0.065217,0.21739,0.13043,0.17391,0.1087,0.065217,0.086957,0.086957,0.7619,0,0.071429,0,0.02381,0,0.02381,0.11905,0.17736,0.7203,0.013898,115.16,15.289,22,27,0.00048134,1,0.27711,0,0.71687,5,7,4,4,0,-1,-1,0,-0.00058651,0
4,0,0,0,0.11257,1,0.47733,0.08803,0,0.06383,0.23404,0.17021,0.042553,0.17021,0.085106,0.17021,0.06383,0.74419,0,0.046512,0,0,0,0,0.2093,0.2155,0.86476,0.0061199,68.066,8.5497,36,29,0.00073231,0.95918,0,0,0.93643,4,4,5,4,0,-1,-1,-1,-0.002346,-0.0037453
4,1,0.13119,0.13119,0.14156,1,0.53614,0.078933,0.081633,0.14286,0.16327,0.14286,0.14286,0.081633,0.2449,0,0,0.68889,0.044444,0.088889,0,0.022222,0,0,0.15556,0.18882,0.76236,0.010476,79.357,15.404,34,31,0.00057415,0.37168,0.079646,0,0.72,4,6,4,4,0,-1,-1,-1,-0.001173,-0.0024969
