da2 = [1,2,0.49436,0.0030581,0.74101,1,0.66866,0.49498,0.080357,0.23214,0,0,0.125,0,0.23214,0.17857,0.15179,0.12613,0.099099,0.063063,0,0.11712,0.072072,0.40541,0.11712,0.49436,1.2435,0.19975,125.59,19.728,42,59,0.13958,0.21636,0.99208,0.2377,0.9918,2,3,3,3,0,0,-1,0,-0.0010194,0
1,1,0.3508,0.3508,0.92622,1,0.72328,0.40896,0.091954,0.12644,0.068966,0,0,0.091954,0.26437,0.21839,0.13793,0.11628,0.093023,0.10465,0,0.069767,0.15116,0.32558,0.13953,0.40971,1.1027,0.19443,180,15.301,29,51,0.12368,0.1312,1,0.19623,0.92453,2,3,2,3,1,1,1,0,0.0010194,0
1,2,0.37065,0.0058391,0.97533,1,0.71387,0.40486,0.1413,0.15217,0,0.043478,0.097826,0,0.22826,0.16304,0.17391,0.087912,0.13187,0.021978,0,0.12088,0.12088,0.37363,0.14286,0.4034,1.174,0.021651,180,23.058,25,53,0.093957,0.027174,0.98641,0.47037,0.94444,2,2,3,3,0,1,-1,-1,-0.0030581,-0.002849
1,4,0.3561,0.22028,0.90845,1,0.71234,0.44931,0.18681,0.18681,0,0,0.10989,0,0.21978,0.15385,0.14286,0.12222,0.1,0.055556,0,0.12222,0.077778,0.41111,0.11111,0.44848,1.129,0.058838,180,17.324,30,44,0.11602,0,0.99721,0.30851,0.96099,2,2,3,3,0,1,-1,0,-0.0010194,0
1,1,0.42304,0.42304,0.83186,1,0.63312,0.50224,0.1,0.13636,0.12727,0,0.036364,0.081818,0.21818,0.18182,0.11818,0.12844,0.12844,0.073394,0,0.073394,0.10092,0.36697,0.12844,0.50295,1.4114,0.17753,180,19.513,37,70,0.17521,0.16386,1,0.29692,1,2,2,2,3,1,1,1,0,0.0010194,0
1,1,0.37336,0.37336,0.69656,1,0.63339,0.56134,0.11579,0.14737,0.042105,0,0.031579,0.073684,0.28421,0.15789,0.14737,0.11702,0.14894,0.042553,0,0.074468,0.10638,0.35106,0.15957,0.56195,1.2354,0.26171,180,16.784,25,59,0.17557,0.098361,1,0.15957,1,2,3,2,4,1,1,1,0,0.0010194,0
1,0,0,0,0.7725,1,0.69336,0.55912,0.11111,0.090909,0.12121,0,0.020202,0.090909,0.22222,0.19192,0.15152,0.11224,0.17347,0.05102,0,0.081633,0.10204,0.38776,0.091837,0.55976,1.5175,0.22554,90,16.512,28,59,0.21969,0.23884,1,0.24578,0.98795,2,3,2,3,0,1,1,0,0.0010194,0
1,2,0.37459,0.33175,0.73186,1,0.64717,0.43371,0.10204,0.081633,0.12245,0.040816,0.040816,0.071429,0.22449,0.15306,0.16327,0.14433,0.1134,0.010309,0,0.14433,0.10309,0.36082,0.12371,0.43445,1.3214,0.12762,100.14,13.143,32,47,0.13936,0.13056,1,0.38636,0.97443,2,2,2,2,0,1,1,0,0.0010194,0
1,2,0.40767,0.39148,0.8455,1,0.61355,0.5402,0.10112,0.17978,0,0,0.078652,0,0.23596,0.24719,0.1573,0.11364,0.125,0.045455,0,0.034091,0.10227,0.42045,0.15909,0.54353,1.1477,0.2661,180,16.209,30,46,0.16379,0.13281,1,0.070769,0.98769,2,2,2,3,1,1,0,-1,0,-0.0042735
1,3,0.3835,0.24935,0.77096,1,0.5633,0.55022,0.010309,0.092784,0.10309,0,0,0.12371,0.27835,0.24742,0.14433,0.09375,0.16667,0.083333,0,0.020833,0.041667,0.40625,0.1875,0.56455,1.1599,0.35401,180,14.09,22,65,0.18196,0.29521,1,0.0028653,1,2,2,2,3,1,1,0,-1,0,-0.0014245
1,2,0.35484,0.32253,0.81015,1,0.63138,0.48788,0.18085,0.15957,0.021277,0.010638,0.085106,0.021277,0.23404,0.15957,0.12766,0.13978,0.10753,0.053763,0,0.12903,0.12903,0.32258,0.11828,0.48964,1.2433,0.084536,180,17.748,26,51,0.14326,0,1,0.34234,0.98198,2,3,2,4,1,1,0,-1,0,-0.002849
1,2,0.34775,0.33901,0.69127,1,0.60947,0.56329,0.085366,0.085366,0.10976,0,0.012195,0.10976,0.20732,0.23171,0.15854,0.14815,0.14815,0.049383,0,0.049383,0.061728,0.37037,0.17284,0.56449,1.1588,0.30888,155.02,16.698,29,43,0.17553,0.1261,1,0.053824,1,2,2,2,3,1,1,0,-1,0,-0.0014245
1,1,0.40292,0.40292,0.63631,1,0.57907,0.54331,0.058824,0.082353,0.16471,0,0,0.12941,0.21176,0.17647,0.17647,0.16667,0.13095,0.02381,0,0.035714,0.059524,0.42857,0.15476,0.54247,1.1227,0.30456,115.5,17.494,28,47,0.1625,0.13099,0.98722,0.065341,1,2,2,3,3,1,1,-1,-1,-0.0040775,-0.0014245
1,0,0,0,0.75692,1,0.58335,0.52801,0.034483,0.11494,0.12644,0,0,0.12644,0.24138,0.18391,0.17241,0.11628,0.13953,0.046512,0,0.011628,0.034884,0.47674,0.17442,0.52852,1.0994,0.32349,90,14.101,38,40,0.16451,0.25287,1,0,0.97568,2,4,2,1,1,0,1,0,0.0010194,0
1,2,0.44832,0.24256,0.97259,1,0.6923,0.57207,0.10227,0.11364,0.068182,0,0.022727,0.079545,0.21591,0.18182,0.21591,0.13793,0.14943,0.057471,0,0.034483,0.16092,0.35632,0.10345,0.57306,1.3279,0.2539,145.06,14.624,27,52,0.20678,0.077449,1,0.06192,0.9257,2,3,2,4,1,0,0,-1,0,-0.0014245
1,3,0.34015,0.20414,0.76147,1,0.63029,0.38813,0.10345,0.068966,0.17241,0.022989,0,0.11494,0.1954,0.14943,0.17241,0.12791,0.15116,0.046512,0,0.13953,0.15116,0.25581,0.12791,0.38904,1.2987,0.13825,160.31,15.725,25,52,0.14428,0.11747,1,0.36218,0.92308,2,2,2,3,0,1,0,-1,0,-0.0014245
1,1,0.27423,0.27423,0.78946,1,0.61088,0.43616,0.1625,0.1375,0,0,0.1,0,0.2,0.2125,0.1875,0.11392,0.12658,0.037975,0,0.11392,0.18987,0.3038,0.11392,0.43875,1.1539,0.077077,118.22,17.267,22,52,0.1282,0,1,0.32581,0.92903,2,2,2,3,0,1,0,-1,0,-0.0042735
1,2,0.33907,0.26782,0.59709,1,0.51502,0.40062,0.18182,0.12987,0.090909,0,0.051948,0.064935,0.20779,0.11688,0.15584,0.15789,0.092105,0.092105,0,0.13158,0.039474,0.36842,0.11842,0.40388,1.0218,0.064434,160.74,23.076,24,41,0.099266,0.026718,1,0.30892,1,2,1,2,2,0,1,0,-1,0,-0.0042735
1,1,0.25574,0.25574,0.75736,1,0.56942,0.36101,0.13924,0.063291,0.12658,0,0.012658,0.075949,0.21519,0.16456,0.20253,0.10256,0.14103,0.038462,0,0.064103,0.17949,0.33333,0.14103,0.36349,0.95929,0.10481,180,18.021,25,52,0.090983,0,1,0.29961,0.94163,2,2,2,3,1,1,1,-1,0.0020387,-0.0014245
1,2,0.28967,0.0040775,0.55851,1,0.57315,0.56868,0.090909,0.15152,0.10101,0,0,0.11111,0.19192,0.17172,0.18182,0.11224,0.14286,0.030612,0,0.010204,0.061224,0.44898,0.19388,0.5722,1.0843,0.29486,180,18.39,33,58,0.16934,0.083333,0.98611,0.01626,0.98103,2,2,3,2,1,0,-1,0,-0.0020387,0
1,2,0.3766,0.011569,0.81751,1,0.64668,0.49892,0.047619,0.095238,0.047619,0,0.07619,0.07619,0.27619,0.2,0.18095,0.10577,0.21154,0.067308,0,0.019231,0.13462,0.31731,0.14423,0.49781,1.0985,0.33551,180,21.829,27,63,0.15685,0.27056,0.97082,0,0.89091,2,2,3,2,1,0,-1,0,-0.0020387,0
1,3,0.28069,0.0010194,1.0972,1,0.4914,0.31571,0.024096,0.16867,0.13253,0,0.036145,0.084337,0.21687,0.15663,0.18072,0.085366,0.17073,0.073171,0,0.012195,0.085366,0.46341,0.10976,0.31505,0.77279,0.16267,180,17.892,28,44,0.06621,0.26812,0.99638,0.011111,0.94444,2,2,3,3,1,0,-1,0,-0.0010194,0
1,1,0.24072,0.24072,0.87503,1,0.48891,0.31129,0.012658,0.12658,0.16456,0,0,0.10127,0.21519,0.21519,0.16456,0.089744,0.17949,0.038462,0,0.012821,0.051282,0.47436,0.15385,0.31182,0.7035,0.18266,145.06,19.04,27,40,0.061458,0.32627,1,0,0.96891,2,2,2,2,1,0,1,0,0.0010194,0
1,3,0.47934,0.38836,0.72804,1,0.61734,0.43884,0.14953,0.074766,0.13084,0,0.0093458,0.093458,0.26168,0.14019,0.14019,0.13208,0.09434,0.075472,0,0.17925,0.056604,0.33019,0.13208,0.43817,1.2681,0.15818,90,19.945,30,65,0.13365,0.20228,0.99715,0.32174,1,2,2,3,3,0,1,-1,0,-0.0010194,0
1,1,0.36742,0.36742,0.96579,1,0.52631,0.46696,0.063158,0.073684,0.10526,0,0.010526,0.084211,0.31579,0.21053,0.13684,0.10638,0.12766,0.11702,0,0.031915,0.074468,0.43617,0.10638,0.46765,1.0929,0.23666,180,16.895,26,59,0.12424,0.13649,1,0.090226,1,2,2,2,3,1,1,1,0,0.0010194,0
1,0,0,0,0.74403,1,0.60064,0.44403,0.091837,0.13265,0.10204,0,0,0.071429,0.26531,0.18367,0.15306,0.12371,0.092784,0.072165,0,0.061856,0.092784,0.45361,0.10309,0.44614,1.1189,0.17902,90,15.409,30,66,0.12206,0.050955,0.98726,0.23179,1,2,2,3,3,1,1,0,-1,0,-0.002849
1,1,0.25621,0.25621,1.0644,1,0.5855,0.41775,0.048077,0.125,0.096154,0,0,0.076923,0.27885,0.20192,0.17308,0.07767,0.1165,0.097087,0,0.048544,0.058252,0.48544,0.1165,0.41886,1.0099,0.22862,90,18.295,32,60,0.11309,0.27684,1,0.033613,1,2,3,2,4,0,1,0,-1,0,-0.0014245
1,1,0.26195,0.26195,0.93466,1,0.48063,0.34101,0.042105,0.13684,0.12632,0,0.042105,0.084211,0.24211,0.2,0.12632,0.11702,0.15957,0.053191,0,0,0.010638,0.52128,0.1383,0.34221,0.74114,0.18309,180,16.397,27,67,0.067177,0.22656,1,0.010204,1,2,1,2,2,1,1,1,0,0.0020387,0
1,2,0.19822,0.16636,0.85937,1,0.50427,0.35095,0,0.077778,0.16667,0,0.077778,0.055556,0.31111,0.18889,0.12222,0.13483,0.16854,0.067416,0,0.033708,0.022472,0.42697,0.14607,0.35465,0.77298,0.19611,90,17.898,28,56,0.072825,0.34221,1,0.013699,1,2,2,2,3,1,1,0,-1,0,-0.0042735
1,2,0.50295,0.33455,0.73895,1,0.6675,0.50165,0.13793,0.10345,0.094828,0,0,0.10345,0.17241,0.2069,0.18103,0.086957,0.16522,0.026087,0,0.086957,0.095652,0.38261,0.15652,0.50093,1.2392,0.13697,137.03,15.641,47,60,0.16342,0,0.99713,0.23739,0.97626,2,2,3,3,0,1,-1,0,-0.0010194,0
1,1,0.44351,0.44351,0.90962,1,0.69575,0.47619,0.079646,0.14159,0.13274,0,0,0.088496,0.19469,0.17699,0.18584,0.080357,0.15179,0.0625,0,0.071429,0.11607,0.40179,0.11607,0.47545,1.5037,0.16878,155.02,14.179,51,62,0.19001,0.22248,0.99771,0.31195,0.98251,2,2,3,3,1,1,-1,0,-0.0010194,0
1,0,0,0,0.68296,1,0.54777,0.4072,0.061728,0.1358,0.098765,0,0.037037,0.061728,0.28395,0.14815,0.17284,0.15,0.0625,0.05,0,0.025,0.1375,0.3625,0.2125,0.41015,0.92152,0.22518,90,21.054,27,50,0.095463,0.19853,1,0.12982,0.97895,2,3,2,4,1,1,1,-1,0.0010194,-0.002849
1,2,0.37311,0.0030581,0.77209,1,0.68021,0.49765,0.16822,0.14019,0,0,0.1028,0,0.27103,0.16822,0.14953,0.12264,0.13208,0.04717,0.018868,0.075472,0.084906,0.40566,0.11321,0.49694,1.1909,0.15652,180,16.04,36,67,0.14552,0.070461,0.99187,0.23684,0.96784,3,2,3,2,-1,1,-1,0,-0.0010194,0
1,3,0.49637,0.2439,0.88249,1,0.66537,0.47847,0.1165,0.15534,0.067961,0,0.097087,0.029126,0.24272,0.13592,0.15534,0.14706,0.058824,0.088235,0.0098039,0.10784,0.088235,0.38235,0.11765,0.4777,1.2513,0.15833,90,14.81,40,55,0.14401,0.090674,0.99741,0.25559,0.96805,2,2,3,3,0,1,-1,0,-0.0010194,0
1,2,0.39359,0.31437,0.66774,1,0.58429,0.42172,0.13402,0.092784,0.15464,0,0.061856,0.061856,0.2268,0.1134,0.15464,0.16667,0.09375,0.03125,0,0.10417,0.16667,0.29167,0.14583,0.42172,1.1582,0.13762,155.02,17.596,26,59,0.12438,0.045603,1,0.30091,0.93617,2,2,2,2,1,1,0,0,0,0
1,4,0.36814,0.0010194,0.74541,1,0.59158,0.40878,0.14583,0.17708,0,0.041667,0.14583,0,0.22917,0.125,0.13542,0.2,0.021053,0.052632,0,0.14737,0.10526,0.32632,0.14737,0.40797,1.1065,0.03847,140.02,19.29,34,63,0.097629,0.012308,0.99692,0.39423,0.94551,2,2,3,2,0,1,-1,0,-0.0010194,0
1,2,0.39059,0.21518,0.64334,1,0.55009,0.37362,0.11628,0.081395,0.11628,0.034884,0.034884,0.081395,0.2093,0.16279,0.16279,0.16471,0.094118,0.047059,0.011765,0.12941,0.15294,0.30588,0.094118,0.37438,1.0798,0.096505,113.24,14.697,20,49,0.10443,0.0072464,1,0.37459,0.94463,3,2,2,2,0,1,1,0,0.0010194,0
1,2,0.31684,0.17801,0.88823,1,0.54739,0.39626,0.15663,0.12048,0,0,0.072289,0,0.26506,0.24096,0.14458,0.097561,0.13415,0.02439,0,0.097561,0.2561,0.29268,0.097561,0.39792,0.96952,0.1312,180,15.687,22,51,0.095296,0,1,0.22179,0.84825,2,2,2,3,1,1,1,0,0.0020387,0
1,1,0.33058,0.33058,0.90854,1,0.70091,0.42047,0.084112,0.1215,0.093458,0.065421,0.018692,0.065421,0.16822,0.23364,0.14953,0.13208,0.10377,0.037736,0,0.11321,0.12264,0.34906,0.14151,0.41989,1.2483,0.021546,155.02,17.449,37,54,0.11736,0,0.99194,0.51877,0.96587,2,2,3,3,0,1,-1,-1,-0.0020387,-0.002849
1,3,0.35562,0.0050968,0.57389,1,0.72296,0.46634,0.10753,0.064516,0.15054,0.021505,0,0.10753,0.19355,0.16129,0.19355,0.086957,0.11957,0.065217,0.01087,0.097826,0.15217,0.31522,0.15217,0.46566,1.4145,0.16952,180,16.145,34,53,0.18649,0.046296,0.98457,0.34653,0.9505,3,2,3,3,0,1,-1,0,-0.0010194,0]
