1,2,0.11331,0.049916,1.8547,1,0.59111,0.22871,0.2,0.094118,0.12941,0.14118,0.11765,0.070588,0,0.15294,0.094118,0,0,0,0,0.4881,0,0.13095,0.38095,0.22928,0.75214,0.034754,180,29.319,17,50,0.039357,0,1,0.60417,0.13542,1,5,1,5,1,1,1,0,0.00058651,0
1,2,0.21555,0.083036,2.9975,1,0.73904,0.35599,0.18584,0.15044,0.13274,0.097345,0.097345,0.070796,0.088496,0.10619,0.070796,0,0,0,0,0.5,0.0089286,0.15179,0.33929,0.35779,1.0862,0.051108,123.56,24.283,24,66,0.080819,0,1,0.84783,0,1,6,1,6,1,0,1,1,0.001173,0.0024969
1,2,0.25672,0.2347,2.0856,1,0.68383,0.34441,0.096491,0.078947,0.2193,0.087719,0.070175,0.096491,0.2193,0.078947,0.052632,0,0,0,0,0.43363,0.0088496,0.15929,0.39823,0.345,1.1866,0.018337,123.56,23.79,23,66,0.095432,0,1,0.59091,0.40909,1,5,1,5,1,0,1,0,0.00058651,0
1,6,0.32769,0.13407,2.0814,1,0.7762,0.41438,0.092437,0.10924,0.15126,0.042017,0.07563,0.15966,0.18487,0.092437,0.092437,0,0,0,0,0.44068,0.0084746,0.15254,0.39831,0.41438,1.4631,0.012774,154.84,29.006,24,60,0.14549,0,1,0.67089,0.38608,1,3,1,5,1,-1,0,0,0,0
1,3,0.32205,0.16739,1.7355,1,0.71823,0.34045,0.1087,0.13043,0.16304,0.086957,0.065217,0.17391,0.15217,0.065217,0.054348,0,0,0,0,0.43956,0,0.098901,0.46154,0.34036,1.2406,0.0089448,132.17,22.502,20,49,0.10181,0,1,0.58599,0.52866,1,5,1,5,1,-1,0,-1,0,-0.0024969
1,3,0.24632,0.086867,1.7922,1,0.69549,0.30402,0.12,0.19,0.12,0.13,0.08,0.13,0.11,0.06,0.06,0,0,0,0,0.51515,0.010101,0.13131,0.34343,0.30615,1.0866,0.031829,166.78,25.653,26,51,0.077609,0,1,0.68148,0.38519,1,5,1,5,1,1,1,1,0.0017595,0.0024969
1,1,0.099244,0.099244,1.9429,1,0.55533,0.33987,0.11538,0.18269,0.086538,0.086538,0.086538,0.11538,0.086538,0.067308,0.17308,0,0,0,0,0.48544,0.0097087,0.15534,0.34951,0.33982,1.3182,0.043125,90,27.758,32,52,0.10818,0,1,0.61429,0.54286,1,5,1,6,0,1,0,-1,0,-0.0012484
1,4,0.24087,0.085079,3.0537,1,0.658,0.27717,0.17526,0.061856,0.15464,0.061856,0.061856,0.082474,0.1134,0.15464,0.13402,0,0,0,0,0.53125,0.020833,0.15625,0.29167,0.27794,0.82316,0.040709,180,30.694,27,48,0.049444,0,1,0.93056,0.44444,1,6,1,6,1,1,1,1,0.00058651,0.0012484
1,8,0.2485,0.0025648,1.8194,1,0.57618,0.25188,0.12903,0.1371,0.20968,0.1129,0.080645,0.072581,0.12903,0.072581,0.056452,0,0,0,0,0.47967,0,0.10569,0.41463,0.25212,1.2544,0.00065028,173.3,28.725,35,63,0.071238,0,1,0.59091,0.34545,1,7,1,7,1,-1,1,-1,0.00058651,-0.0024969
1,6,0.2994,0.10038,1.9851,1,0.69828,0.33571,0.090226,0.12782,0.21805,0.097744,0.14286,0.17293,0.075188,0.075188,0,0,0,0,0,0.4697,0.0075758,0.14394,0.37879,0.33571,1.3073,0.0093798,173.3,25.876,31,63,0.10335,0,1,0.60902,0.22556,1,7,1,7,1,1,0,0,0,0
1,3,0.15081,0.10746,1.356,1,0.40669,0.14811,0.096774,0.17742,0,0.1129,0.048387,0.1129,0.14516,0.14516,0.16129,0,0,0,0,0.5082,0,0.13115,0.36066,0.14986,0.54937,0.012405,174.63,25.007,12,35,0.017995,0,1,0.53409,0.38636,1,3,1,3,1,-1,1,0,0.0017595,0
1,4,0.15523,0.0024969,1.7024,1,0.57574,0.21932,0.053763,0.096774,0.16129,0.064516,0.075269,0.23656,0.10753,0.11828,0.086022,0,0,0,0,0.43478,0,0.15217,0.41304,0.21882,0.78626,0.040619,166.78,30.442,22,47,0.042577,0,1,0.91089,0.57426,1,4,1,5,1,0,0,-1,0,-0.0024969
1,4,0.099132,0,1.223,1,0.53755,0.19384,0.085366,0.12195,0.12195,0.073171,0.073171,0.14634,0.13415,0.12195,0.12195,0,0,0,0,0.46914,0,0.11111,0.41975,0.19384,0.89305,0.043296,137.45,23.644,18,44,0.041972,0,1,0.76033,0.3719,1,4,1,5,1,1,0,0,0,0
1,0,0,0,1.2744,1,0.48162,0.15617,0.10588,0.14118,0.2,0.047059,0.070588,0.10588,0.11765,0.094118,0.11765,0,0,0,0,0.47619,0,0.10714,0.41667,0.15581,0.73951,0.02471,166.78,26.408,17,49,0.027941,0,1,0.75532,0.38298,1,4,1,5,0,1,0,-1,0,-0.0012484
1,3,0.12543,0.059842,1.3265,1,0.43113,0.14203,0.094737,0.11579,0.13684,0.042105,0.063158,0.14737,0.11579,0.11579,0.16842,0,0,0,0,0.48936,0.010638,0.10638,0.39362,0.14342,0.62167,0.031245,180,27.499,20,56,0.019596,0,1,0.70588,0.44706,1,4,1,4,1,1,1,1,0.001173,0.0012484
1,4,0.19297,0.032955,1.7991,1,0.41776,0.19821,0.11504,0.15929,0.13274,0.13274,0.061947,0.088496,0.10619,0.11504,0.088496,0,0,0,0,0.41964,0,0.15179,0.42857,0.19879,0.86794,0.0005102,180,31.755,23,59,0.043443,0,1,0.47727,0.67045,1,6,1,6,1,-1,1,0,0.00058651,0
1,4,0.25922,0.099422,1.3987,1,0.62,0.25022,0.10843,0.13253,0.18072,0.048193,0.060241,0.12048,0.20482,0.14458,0,0,0,0,0,0.4878,0,0.085366,0.42683,0.25071,0.96863,0.0074506,154.84,20.978,24,50,0.048492,0,1,0.69697,0.098485,1,3,1,4,0,0,0,1,0,0.0012484
1,5,0.25268,0.060666,2.5941,1,0.76068,0.37512,0.041322,0.10744,0.21488,0.082645,0.1405,0.1405,0.13223,0.10744,0.033058,0,0,0,0,0.43333,0.025,0.21667,0.325,0.37665,1.1166,0.04279,90,29.258,21,66,0.097836,0,1,0.3913,0,1,3,1,6,1,-1,1,1,0.001173,0.0024969
1,4,0.27122,0.04285,2.041,1,0.76177,0.39693,0.019608,0.058824,0.20261,0.15033,0.11765,0.1634,0.13072,0.14379,0.013072,0.019737,0,0.019737,0.019737,0.41447,0.032895,0.17105,0.32237,0.39846,1.5438,0.043499,180,21.384,43,106,0.13848,0,1,0.54967,0,3,5,3,7,1,0,1,1,0.00058651,0.0037453
1,1,0.27131,0.27131,2.343,1,0.72528,0.45559,0,0.056818,0.13068,0.14773,0.14205,0.1875,0.16477,0.14205,0.028409,0.11429,0.0057143,0.057143,0.062857,0.32,0.04,0.14286,0.25714,0.45443,1.6931,0.035479,103.22,20.039,40,113,0.16629,0,0.991,0.57692,0.34615,7,8,8,8,0,-1,-1,0,-0.001173,0
1,4,0.33847,0.0037453,3.1173,1,0.78525,0.41658,0,0.10177,0.12389,0.12389,0.15044,0.16372,0.13717,0.15044,0.048673,0.084444,0,0.097778,0.057778,0.26667,0.053333,0.16889,0.27111,0.41741,1.3513,0.045462,92.856,18.718,53,138,0.12252,0,1,0.39252,0.60748,8,8,8,8,0,-1,1,-1,0.00058651,-0.0037453
1,4,0.13719,0.00058651,3.3522,1,0.81557,0.40176,0.076923,0.12179,0.096154,0.076923,0.12821,0.1859,0.10897,0.12179,0.083333,0.10968,0,0.064516,0.070968,0.32258,0.045161,0.17419,0.2129,0.40117,1.1324,0.0068542,90,24.533,23,98,0.086912,0,0.99854,0.47917,0.47917,6,8,7,6,1,-1,-1,0,-0.00058651,0
1,3,0.2988,0.10546,0.1322,1,0.49446,0.46012,0.040984,0.22131,0.040984,0.0081967,0.18852,0.15574,0.07377,0.13115,0.13934,0.29752,0.049587,0.099174,0,0.049587,0.024793,0.23967,0.23967,0.49445,0.75174,0.25462,180,26.241,33,80,0.049102,0.88393,0.75893,0.0050251,1,6,3,5,4,0,1,1,0,0.00058651,0
1,3,0.33265,0.030436,0.12104,1,0.48701,0.34886,0.076923,0.11966,0.17949,0.11111,0.094017,0.15385,0.008547,0.17949,0.076923,0.16379,0.12069,0.13793,0,0.051724,0,0.22414,0.30172,0.48949,0.76313,0.16623,180,23.893,20,72,0.049685,0.15842,0.32673,0,1,6,4,7,4,1,0,-1,-1,-0.00058651,-0.0024969
1,1,0.012176,0.012176,2.0152,1,0.48698,0.19888,0.13846,0.092308,0.21538,0.046154,0.061538,0.18462,0.061538,0.12308,0.076923,0.10938,0,0.046875,0.0625,0.26563,0.0625,0.15625,0.29688,0.19944,0.63618,0.044148,90,25.48,12,33,0.030779,0,0.99693,0,0.61842,4,4,4,4,1,-1,1,0,0.00058651,0
1,1,0.23355,0.23355,2.1686,1,0.57325,0.26188,0.13483,0.13483,0.14607,0.067416,0.1236,0.14607,0.17978,0.067416,0,0.090909,0,0.022727,0,0.40909,0.034091,0.20455,0.23864,0.26305,0.99414,0.0483,180,24.592,17,58,0.048581,0.019694,1,0.18182,0.080808,4,6,3,5,-1,-1,1,0,0.001173,0
1,0,0,0,2.5518,1,0.69202,0.27981,0.091743,0.20183,0.10092,0.082569,0.082569,0.082569,0.14679,0.10092,0.11009,0.15741,0.0092593,0.10185,0.018519,0.33333,0.064815,0.11111,0.2037,0.2804,1.0509,0.0093708,90,21.595,21,75,0.060758,0,1,0.44318,0.48864,5,7,5,5,1,-1,1,0,0.00058651,0
1,2,0.20429,0.049688,2.0634,1,0.51274,0.26351,0.072289,0.12048,0.21687,0.10843,0.048193,0.15663,0.13253,0.096386,0.048193,0.012195,0,0,0,0.5,0.012195,0.15854,0.31707,0.26275,0.81913,0.056718,173.3,25.685,17,47,0.050692,0,0.99777,0.23529,0.098039,1,5,2,5,1,-1,-1,-1,-0.00058651,-0.0024969
1,3,0.23642,0.00058651,3.4429,1,0.5706,0.30109,0.047619,0.17007,0.12925,0.081633,0.11565,0.10884,0.10204,0.11565,0.12925,0,0,0.0068493,0,0.40411,0.068493,0.19178,0.32877,0.3005,0.82908,0.020373,180,27.331,25,93,0.054847,0,0.99805,0.35714,0.22857,1,3,2,6,1,-1,-1,0,-0.00058651,0
1,2,0.069107,0.057816,2.7478,1,0.58506,0.29402,0.095541,0.10828,0.17834,0.076433,0.076433,0.095541,0.15924,0.11465,0.095541,0,0,0,0,0.4359,0.025641,0.17308,0.36538,0.29553,1.0687,0.0079784,162.61,27.67,40,99,0.078348,0,1,0.51163,0.34884,1,7,1,7,0,-1,1,-1,0.0017595,-0.0037453
1,1,0.042395,0.042395,2.3737,1,0.51304,0.22513,0.12903,0.12903,0.17204,0.064516,0.053763,0.13978,0.11828,0.096774,0.096774,0,0,0,0,0.43478,0.032609,0.19565,0.33696,0.22572,0.64768,0.027834,90,24.939,27,56,0.032532,0,1,0.30263,0.14474,1,3,1,4,0,-1,1,0,0.00058651,0
1,2,0.15806,0.11107,1.4094,1,0.47858,0.18557,0.11594,0.11594,0.14493,0.13043,0.057971,0.21739,0.10145,0.11594,0,0,0,0,0,0.5,0,0.17647,0.32353,0.18614,0.6654,0.028724,180,30.544,18,45,0.027046,0,1,0.66019,0.3301,1,4,1,4,1,0,1,0,0.00058651,0
1,3,0.19446,0.096842,2.1845,1,0.58203,0.2253,0.22222,0.08642,0.16049,0.1358,0.061728,0.12346,0.024691,0.14815,0.037037,0,0,0.0125,0,0.4875,0,0.175,0.325,0.22469,0.66544,0.041961,144.83,29.072,11,44,0.032224,0,1,0.8125,0.275,2,5,2,6,1,1,0,-1,0,-0.0024969
1,2,0.20097,0.13196,2.0532,1,0.53011,0.20709,0.052083,0.09375,0.072917,0.1875,0.14583,0.10417,0.16667,0.0625,0.11458,0.021053,0,0,0,0.43158,0.010526,0.22105,0.31579,0.20826,0.72116,0.0012341,173.3,26.641,17,51,0.037639,0,1,0.49383,0.33333,2,6,2,6,1,1,1,0,0.001173,0
1,2,0.14667,0.10018,1.4344,1,0.4937,0.14012,0.081395,0.093023,0.16279,0.10465,0.10465,0.093023,0.18605,0.11628,0.05814,0,0,0,0,0.51765,0,0.14118,0.34118,0.14124,0.5729,0.011418,166.78,27.971,22,49,0.017286,0,1,0.53333,0.066667,1,3,1,4,1,-1,1,0,0.001173,0
1,0,0,0,1.6891,1,0.49801,0.18789,0.093023,0.093023,0.11628,0.11628,0.10465,0.11628,0.12791,0.13953,0.093023,0,0,0,0,0.44706,0.011765,0.11765,0.42353,0.18795,0.66256,0.017056,154.84,25.152,25,53,0.027935,0,1,0.41573,0.32584,1,3,1,4,1,0,0,1,0,0.0012484
1,1,0.091496,0.091496,1.3685,1,0.52113,0.16952,0.17568,0.12162,0.14865,0.081081,0.094595,0.094595,0.12162,0.094595,0.067568,0,0,0,0,0.41096,0,0.13699,0.45205,0.17103,0.64534,0.037538,154.84,23.112,19,43,0.022499,0,1,0.19565,0.78261,1,4,1,4,0,-1,1,-1,0.00058651,-0.0024969
1,1,0.028722,0.028722,1.4455,1,0.44969,0.16366,0.10448,0.1194,0,0.1194,0.089552,0.14925,0.14925,0.1194,0.14925,0,0,0,0,0.48485,0.015152,0.13636,0.36364,0.16427,0.53422,0.010817,171.1,22.264,13,39,0.018569,0,1,0.45055,0.41758,1,3,1,3,1,-1,1,1,0.00058651,0.0012484
1,2,0.09297,0.05007,1.6221,1,0.44261,0.10677,0.10169,0.13559,0.033898,0.084746,0.050847,0.067797,0.23729,0.10169,0.18644,0,0,0,0,0.36207,0,0.24138,0.39655,0.10736,0.36885,0.026713,180,33.664,16,34,0.0086549,0,1,0.30189,0.26415,1,3,1,3,1,-1,1,0,0.00058651,0
1,6,0.35003,0.090796,0.1344,1,0.47747,0.37132,0.080808,0.060606,0.13131,0.13131,0.070707,0.12121,0.20202,0.20202,0,0.31633,0.081633,0.081633,0,0.05102,0,0.040816,0.42857,0.47871,0.57604,0.063789,167.98,27.039,20,52,0.030551,1,0.15596,0,1,4,1,4,1,-1,0,0,-1,0,-0.0012484
1,3,0.27796,0.071113,0.13544,1,0.47047,0.41556,0.096,0.08,0.064,0.12,0.088,0.168,0.072,0.16,0.152,0.22581,0.1371,0.16129,0,0.0080645,0,0.16935,0.29839,0.41694,0.55674,0.12402,180,34.58,28,85,0.032296,0.96875,0.40625,0,1,4,1,4,1,-1,-1,-1,-1,-0.0017595,-0.0012484
1,3,0.33084,0.13762,0.12945,1,0.40364,0.3804,0.094828,0.094828,0.068966,0.094828,0.051724,0.17241,0.14655,0.12931,0.14655,0.23478,0.15652,0.12174,0,0.026087,0,0.12174,0.33913,0.40488,0.52497,0.18571,180,25.498,21,79,0.030581,0.93258,0.23596,0,1,4,1,4,1,-1,-1,0,-1,0,-0.0012484
1,2,0.33586,0.26277,0.11605,1,0.41781,0.39212,0.13043,0.069565,0.043478,0.095652,0.052174,0.13913,0.14783,0.10435,0.21739,0.26316,0.096491,0.17544,0,0.0087719,0,0.14035,0.31579,0.42166,0.54215,0.19646,180,32.595,16,70,0.029226,0.9759,0.096386,0,1,4,1,4,1,-1,-1,-1,-1,-0.001173,-0.0037453
1,5,0.38336,0,0.14538,1,0.49118,0.34674,0.125,0.056818,0.045455,0.079545,0.056818,0.21591,0.18182,0.079545,0.15909,0.2069,0.12644,0.16092,0,0.011494,0,0.14943,0.34483,0.49124,0.66713,0.2753,180,31.762,18,52,0.052354,0.77686,0,0,1,5,1,5,1,0,-1,-1,0,-0.00058651,0
1,1,0.26841,0.26841,0.16532,1,0.42328,0.40426,0,0.081081,0.14865,0.13514,0.17568,0,0.10811,0.2027,0.14865,0.23288,0.13699,0.09589,0,0,0,0.09589,0.43836,0.42578,0.52339,0.18469,133.22,30.555,10,42,0.026807,0.46667,0.36667,0,1,3,1,4,1,1,0,0,-1,0,-0.0024969
