2,0,0,0,0.93297,1,0.56643,0.077781,0.11111,0.11111,0.22222,0,0,0,0.11111,0.11111,0.33333,0,0,0,0,0,0.125,0.8125,0.0625,0.076181,0.1579,0.016331,30.595,14.049,2,6,0.00040492,0,1,0,1,2,3,2,2,1,0,1,0,0.0017595,0
1,1,0.1677,0.1677,0.28828,1,0.42659,0.31528,0.041667,0.041667,0.14583,0.16667,0.10417,0.1875,0.125,0.0625,0.125,0.19149,0.10638,0.21277,0,0.021277,0.10638,0.17021,0.19149,0.31531,0.56889,0.14993,180,19.367,7,32,0.032212,0.22222,0,0.041667,0.99621,2,3,3,3,1,1,-1,0,-0.00058651,0
2,0,0,0,0.28064,1,0.4804,0.44011,0.10714,0.10714,0,0.14286,0.10714,0,0.16071,0.21429,0.16071,0.22222,0,0.018519,0,0.055556,0.018519,0.24074,0.44444,0.40009,0.92716,0.083975,90,8.3965,40,33,0.011655,0.26872,0.44934,0.068421,1,3,5,2,2,-1,-1,0,-1,0,-0.0024969
2,0,0,0,0.3013,1,0.41034,0.37205,0.037736,0.18868,0,0.28302,0.20755,0.018868,0,0.16981,0.09434,0.31373,0,0,0,0,0,0.2549,0.43137,0.33059,0.77359,0.098323,90,5.1833,40,27,0.0094182,0.40758,0.62085,0,1,4,2,2,2,0,-1,0,-1,0,-0.0012484
2,0,0,0,0.33872,1,0.5062,0.33767,0.035714,0.23214,0,0.125,0.16071,0.16071,0.089286,0.19643,0,0.55556,0.018519,0,0,0,0.14815,0.16667,0.11111,0.4126,1.0405,0.10005,90,9.375,27,32,0.015221,0.4726,0.33904,0.0024691,1,3,5,2,2,-1,-1,0,-1,0,-0.0024969
2,0,0,0,0.30072,1,0.48525,0.32904,0.018868,0.20755,0,0.26415,0.18868,0.15094,0.075472,0.09434,0,0.52941,0,0.019608,0,0,0.058824,0.29412,0.098039,0.39972,0.94514,0.1092,90,8.7938,41,31,0.012941,0.47791,0.29317,0.015424,1,3,5,2,2,-1,-1,-1,-1,-0.001173,-0.0024969
1,0,0,0,0.33013,1,0.44328,0.38875,0.070423,0.056338,0.098592,0.1831,0.12676,0.16901,0.14085,0.042254,0.11268,0.15714,0.14286,0.15714,0.014286,0.071429,0.1,0.18571,0.17143,0.38631,0.80931,0.2052,115.16,19.111,17,48,0.064817,0.14957,0,0.054054,0.98198,2,3,3,3,1,1,-1,1,-0.001173,0.0024969
1,1,0.16246,0.16246,0.53663,1,0.60205,0.28163,0.057692,0.13462,0.11538,0,0.038462,0.057692,0.26923,0.13462,0.19231,0.11765,0.13725,0.019608,0,0.058824,0.15686,0.35294,0.15686,0.2819,0.58811,0.17411,144.64,20.765,15,34,0.044031,0.1978,1,0.066946,0.90795,2,3,2,3,1,1,1,0,0.00058651,0
2,0,0,0,0.31089,1,0.82371,0.081085,0.125,0.125,0.10938,0.125,0.09375,0.09375,0.14063,0.046875,0.14063,0.24194,0.048387,0.16129,0.016129,0.032258,0.080645,0.25806,0.16129,0.23757,0.67821,0.10262,83.301,12.695,55,44,0.021977,0.35556,0.96,0,0.061765,3,5,3,2,-1,-1,1,0,0.0017595,0
3,0,0,0,0.46359,1,0.4523,0.13108,0.084337,0.084337,0.18072,0.036145,0,0.072289,0.20482,0.072289,0.26506,0.1375,0,0,0,0.0125,0.0125,0.525,0.3125,0.22103,0.7395,0.037687,90,4.5167,86,42,0.0043407,0.19196,1,0.048458,1,4,4,3,3,-1,-1,1,0,0.00058651,0
1,3,0.30447,0.16973,2.1827,1,0.80762,0.48569,0,0.2028,0.097902,0.11888,0.06993,0.18881,0.12587,0.13986,0.055944,0,0,0,0,0.3169,0.035211,0.27465,0.37324,0.48582,1.7759,0.0077081,154.84,17.152,55,78,0.20125,0,1,0.7191,0.59551,1,6,1,6,1,0,0,1,0,0.0024969
2,1,0.24468,0.24468,0.28812,1,0.8691,0.089273,0.12676,0.070423,0.1831,0.1831,0.042254,0.056338,0.098592,0.070423,0.16901,0.21739,0.043478,0.17391,0,0.014493,0.043478,0.36232,0.14493,0.243,0.67471,0.082975,180,11.937,55,44,0.018792,0.2266,0.98522,0.018127,0.033233,3,6,3,3,-1,-1,1,0,0.00058651,0
2,1,0.32989,0.32989,0.2871,1,0.83482,0.082783,0.1791,0.059701,0.13433,0.1791,0.029851,0.029851,0.13433,0.059701,0.19403,0.16923,0,0.16923,0.015385,0.046154,0.015385,0.35385,0.23077,0.23737,0.7064,0.095454,90,7.9657,64,35,0.021204,0.17703,0.85646,0,0.011696,3,5,3,3,-1,-1,1,0,0.00058651,0
2,0,0,0,0.30019,1,0.81659,0.068542,0.1129,0.080645,0.12903,0.17742,0.048387,0.048387,0.14516,0.064516,0.19355,0.2,0.033333,0.13333,0.05,0.05,0.16667,0.15,0.21667,0.20044,0.636,0.089525,90,9.4418,49,40,0.01708,0.315,0.905,0.051118,0,3,5,3,3,-1,-1,0,1,0,0.0024969
2,1,0.23725,0.23725,0.30326,1,0.70764,0.059251,0,0.16364,0.18182,0.12727,0.054545,0.036364,0.12727,0.036364,0.27273,0.20755,0.037736,0.11321,0.056604,0.056604,0.056604,0.28302,0.18868,0.17672,0.52462,0.068975,90,9.3333,38,40,0.012167,0.39306,1,0.029851,0,3,7,3,2,0,-1,1,0,0.00058651,0
2,0,0,0,0.35683,1,0.66732,0.077841,0.12245,0.10204,0.14286,0.10204,0.081633,0.061224,0.12245,0.061224,0.20408,0.19149,0.06383,0.14894,0,0,0.06383,0.29787,0.23404,0.18584,0.53037,0.068272,83.301,8.4257,44,25,0.013247,0.33668,1,0.038168,0,3,7,3,2,-1,-1,1,0,0.00058651,0
1,0,0,0,0.21206,1,0.48365,0.34034,0.10256,0.10256,0.33333,0,0,0.15385,0,0.28205,0.025641,0.52632,0,0.052632,0,0.052632,0.18421,0.10526,0.078947,0.34028,0.44705,0.10653,90,18.885,18,21,0.014157,0,0.47692,0.059028,1,1,1,2,2,1,1,-1,0,-0.00058651,0
1,2,0.13728,0.074496,0.18081,1,0.6096,0.0089144,0.11111,0.047619,0.095238,0.031746,0.079365,0.2381,0.15873,0.095238,0.14286,0.14516,0.048387,0.096774,0.1129,0.35484,0,0.032258,0.20968,0.0076945,0.83854,0.020292,90,23.405,15,35,0.018247,0.82906,0.80342,0.49013,0.50987,3,2,3,2,1,1,0,1,0,0.0012484
1,1,0.067913,0.067913,0.16999,1,0.53886,0.0064854,0.11667,0.05,0.11667,0.05,0.21667,0.13333,0.15,0.11667,0.05,0.11864,0.050847,0.050847,0.15254,0.33898,0,0.050847,0.23729,0.0066685,0.82846,0.0030885,75.372,17.982,15,30,0.016029,0.66364,0.7,0.48684,0.47039,3,2,3,2,0,1,1,0,0.00058651,0
1,1,0.14864,0.14864,0.52131,1,0.59439,0.24884,0.18033,0.14754,0.04918,0,0.04918,0.016393,0.2459,0.16393,0.14754,0.15,0.083333,0.066667,0,0.15,0.13333,0.31667,0.1,0.24915,0.57209,0.10671,180,21.084,17,42,0.034193,0.13439,1,0.2193,0.9693,2,3,2,3,1,1,1,0,0.00058651,0
1,2,0.36381,0.18777,0.30537,1,0.43103,0.36425,0.046154,0.076923,0.2,0.076923,0.12308,0.16923,0.12308,0.076923,0.10769,0.1875,0.09375,0.20313,0.015625,0.03125,0.078125,0.17188,0.21875,0.3643,0.67267,0.15345,125.17,22.188,11,34,0.047886,0.22115,0,0.0625,0.97187,2,3,3,3,1,0,-1,0,-0.00058651,0
1,2,0.33755,0.19968,0.39824,1,0.46574,0.36283,0.037037,0.074074,0.22222,0.14815,0.12963,0.074074,0.11111,0.055556,0.14815,0.15094,0.16981,0.16981,0,0.037736,0.09434,0.18868,0.18868,0.36283,0.66918,0.15611,180,28.861,14,36,0.04849,0.32422,0,0.046358,1,2,2,3,3,1,0,0,0,0,0
1,1,0.15463,0.15463,0.29339,1,0.40761,0.29157,0.04,0.08,0.14,0.12,0.14,0.16,0.14,0.04,0.14,0.18367,0.14286,0.12245,0.020408,0.061224,0.061224,0.20408,0.20408,0.29036,0.52935,0.1228,139.59,19.838,11,29,0.028671,0.22152,0,0.079051,0.99605,2,3,3,3,1,1,-1,1,-0.00058651,0.0012484
1,1,0.15601,0.15601,0.51426,1,0.63308,0.26711,0.10204,0.16327,0.081633,0,0,0.081633,0.2449,0.18367,0.14286,0.125,0.083333,0.10417,0,0.125,0.0625,0.35417,0.14583,0.26507,0.65009,0.11352,180,19.707,11,33,0.043638,0.015038,1,0.27984,0.99177,2,3,2,3,1,1,0,1,0,0.0024969
1,1,0,0,0.11613,1,0.62283,0.22372,0,0,0.30769,0,0.076923,0,0.53846,0.076923,0,0.58333,0,0,0,0.083333,0,0,0.33333,0.22372,0.22396,0.00097746,11.384,4.4266,5,7,0.00041663,1,0,0,1,1,1,1,1,0,-1,0,0,0,0
1,0,0,0,0.35789,1,0.68868,0.50283,0.13462,0.096154,0.096154,0.038462,0.038462,0,0.21154,0.057692,0.32692,0.2549,0,0.039216,0,0.058824,0.078431,0.15686,0.41176,0.50755,0.84313,0.13509,97.578,15.192,21,28,0.069495,0.13932,1,0.091981,1,3,3,2,3,-1,0,0,-1,0,-0.0049938
1,0,0,0,0.19135,1,0.64765,0.37179,0.14493,0.072464,0.21739,0.043478,0.057971,0.028986,0.15942,0.043478,0.23188,0.22059,0,0.014706,0.014706,0.13235,0.029412,0.19118,0.39706,0.37664,0.69131,0.069274,64.836,9.7029,21,43,0.030669,0.019231,1,0.23499,1,3,1,2,2,-1,0,0,-1,0,-0.0049938
1,0,0,0,0.36622,1,0.59528,0.18849,0.088889,0.066667,0.2,0.066667,0.022222,0.066667,0.2,0.11111,0.17778,0.31818,0,0.022727,0,0.13636,0.20455,0.25,0.068182,0.1888,0.62603,0.077755,115.16,13.487,14,25,0.031152,0.0050505,0.85354,0.38583,0.8937,3,2,2,2,-1,0,1,0,0.00058651,0
1,0,0,0,0.24756,1,0.41491,0.35236,0.15385,0.12821,0.051282,0,0.025641,0.051282,0.28205,0.12821,0.17949,0.26316,0,0,0,0.13158,0.052632,0.39474,0.15789,0.35253,0.6168,0.10575,90,14.815,10,24,0.036687,0,1,0.18263,0.99102,2,2,2,2,1,1,1,0,0.00058651,0
1,1,0.10749,0.10749,0.42621,1,0.47083,0.2372,0.071429,0.14286,0.035714,0,0,0.10714,0.25,0.14286,0.25,0.11111,0.074074,0.11111,0,0.074074,0,0.51852,0.11111,0.23756,0.42315,0.13138,180,21.603,4,15,0.023506,0.28977,1,0.06701,1,2,1,2,2,1,1,1,0,0.001173,0
1,1,0.17261,0.17261,0.18477,1,0.379,0.35976,0.02,0.36,0,0.14,0.18,0.12,0.06,0.04,0.08,0.34694,0.020408,0.081633,0,0.14286,0.061224,0.12245,0.22449,0.37904,0.57331,0.13773,159.4,28.686,15,32,0.026248,0.31783,0,0.07622,1,2,2,3,3,1,1,-1,0,-0.00058651,0
2,0,0,0,0.22052,1,0.63757,0.16143,0.11905,0.16667,0,0.2381,0.095238,0.095238,0.2381,0.047619,0,0.375,0,0.05,0,0.05,0.075,0.1,0.35,0.13514,0.3337,0.042758,90,12.576,22,25,0.0016715,0.4058,0.27536,0,1,3,5,2,2,-1,-1,-1,0,-0.00058651,0
2,0,0,0,0.16486,1,0.54322,0.44641,0.052632,0.10526,0,0.19737,0.28947,0.092105,0,0.26316,0,0.24324,0,0.027027,0,0.10811,0.040541,0.067568,0.51351,0.349,0.85186,0.077132,90,10.701,55,54,0.0063486,0.15686,0.43791,0.1789,1,4,5,3,2,-1,-1,0,-1,0,-0.0012484
2,0,0,0,0.27885,1,0.52365,0.18793,0.16176,0.10294,0,0.26471,0.16176,0.10294,0.20588,0,0,0.39394,0,0.015152,0,0,0,0.25758,0.33333,0.15568,0.35534,0.045201,90,7.6713,48,30,0.0020076,0.22826,0.23913,0,1,3,2,2,2,-1,-1,0,-1,0,-0.0012484
2,2,0.15868,0.060157,0.20913,1,0.57679,0.5035,0.085366,0.13415,0,0.23171,0.23171,0.10976,0,0.20732,0,0.2,0,0.025,0,0.1125,0.0625,0.1,0.5,0.402,1.0076,0.087878,90,14.784,37,42,0.011388,0.11594,0.44928,0.12903,1,4,5,2,2,-1,-1,0,-1,0,-0.0037453
2,1,0.24879,0.24879,0.32249,1,0.59097,0.49637,0.12644,0.12644,0,0.25287,0.17241,0.12644,0.10345,0.091954,0,0.45882,0,0.023529,0,0.023529,0.094118,0.2,0.2,0.47186,1.1344,0.14535,83.812,11.6,47,46,0.020283,0.33951,0.27778,0,1,3,5,2,2,-1,-1,-1,0,-0.00058651,0
2,0,0,0,1.3738,1,0.5995,0.16494,0,0.066667,0.1,0.1,0.16667,0.36667,0,0,0.2,0.071429,0.071429,0.10714,0,0,0.17857,0.32143,0.25,0.17254,0.41342,0.0020021,49.262,20.311,10,20,0.0043067,0,0.67098,0.56061,1,3,3,2,3,1,1,-1,0,-0.00058651,0
2,0,0,0,0.29258,1,0.67081,0.15685,0,0.11364,0.59091,0,0.090909,0.068182,0.13636,0,0,0.11905,0,0,0,0.5,0.11905,0.14286,0.11905,0.30151,0.75711,0.015144,90,21.559,16,28,0.0058327,0,0.91057,1,0.40253,3,3,2,2,1,1,0,-1,0,-0.0024969
2,0,0,0,1.2416,1,0.63688,0.14593,0.16129,0,0,0,0.096774,0.12903,0,0,0.6129,0,0.10345,0.13793,0,0,0,0.27586,0.48276,0.23579,0.5807,0.0046608,45.945,11.959,12,12,0.0048627,0,0.67568,0,0.97449,3,3,2,3,1,-1,-1,-1,-0.002346,-0.0012484
2,1,0.069029,0.069029,0.19467,1,0.6011,0.13718,0,0.17778,0,0,0.11111,0,0.26667,0.26667,0.17778,0.18605,0,0,0,0.30233,0.023256,0.069767,0.4186,0.34355,0.97126,0.091536,76.781,11.099,21,28,0.0076871,0.59111,1,0,0.67956,2,4,2,2,0,-1,0,1,0,0.0012484
2,2,0.052214,0,1.1334,1,0.56407,0.25878,0,0,0.2439,0.097561,0.073171,0.31707,0,0,0.26829,0.33333,0,0.025641,0,0.10256,0.076923,0.41026,0.051282,0.25256,0.57125,0.0082544,69.402,11.758,16,17,0.0067176,0,0.77264,0.45631,1,3,3,2,3,1,1,0,0,0,0
2,5,0.28256,0.10257,0.11745,1,0.71358,0.067997,0.075,0.15,0.3,0,0.1,0.1,0.275,0,0,0.28947,0,0.026316,0,0.28947,0.026316,0,0.36842,0.23051,0.68294,0.012823,180,16.445,14,14,0.0022981,0.44828,1,0.077586,0.35632,4,6,3,2,0,-1,0,-1,0,-0.0012484
2,3,0.060617,0,0.30135,1,0.5729,0.1275,0.2549,0.19608,0.078431,0,0.078431,0.098039,0.11765,0.058824,0.11765,0.081633,0.10204,0.16327,0.10204,0.18367,0.040816,0.081633,0.2449,0.17,0.72716,0.061916,68.253,17.745,20,20,0.01688,0,0.4359,0.68421,0.375,3,3,3,3,1,-1,0,0,0,0
2,3,0.12767,0.00058651,0.33804,1,0.52096,0.14853,0.29412,0.19608,0.098039,0.019608,0.058824,0.11765,0.078431,0.039216,0.098039,0.040816,0.081633,0.18367,0.081633,0.20408,0.020408,0.081633,0.30612,0.19211,0.8372,0.075386,125.17,20.471,17,22,0.022779,0,0.44882,0.66572,0.36544,3,3,4,3,1,-1,-1,0,-0.00058651,0
2,0,0,0,0.39338,1,0.52016,0.13259,0.15385,0.30769,0.057692,0,0,0.11538,0.15385,0.076923,0.13462,0.04,0.1,0.12,0.08,0.22,0.02,0.16,0.26,0.19024,0.75251,0.068847,64.836,16.273,23,31,0.021908,0,0.50719,0.71988,0.3253,3,4,3,2,1,-1,0,-1,0,-0.0024969
1,0,0,0,3.317,1,0.78712,0.55012,0.074074,0.13889,0.12037,0.11111,0.092593,0.12037,0.074074,0.13889,0.12963,0,0,0,0,0.28972,0.028037,0.31776,0.36449,0.55417,1.5118,0.028167,115.4,29.009,23,61,0.18779,0,1,0.22727,0.7803,1,6,1,7,1,0,1,0,0.0041056,0
1,1,0.12231,0.12231,3.2625,1,0.78171,0.51153,0.066667,0.11667,0.15,0.1,0.091667,0.15,0.10833,0.11667,0.1,0.016807,0,0.0084034,0,0.34454,0.033613,0.2521,0.34454,0.51538,1.641,0.028048,166.78,27.556,27,73,0.17845,0,1,0.35714,0.65873,2,4,2,6,1,-1,1,1,0.0041056,0.0024969
3,2,0.14876,0.067109,0.46979,1,0.46988,0.053431,0.14286,0.02381,0.19048,0.02381,0,0.047619,0.2381,0.047619,0.28571,0.076923,0,0.025641,0,0.10256,0.10256,0.25641,0.4359,0.12976,0.45939,0.018332,180,11.678,25,17,0.0022589,0,0.89051,0.051095,0.91971,5,8,4,3,1,-1,1,0,0.001173,0
3,3,0.14982,0.096759,0.46672,1,0.44184,0.07359,0.098361,0.016393,0.22951,0.11475,0,0.04918,0.13115,0.081967,0.27869,0.086207,0,0,0,0.051724,0.017241,0.44828,0.39655,0.14715,0.48536,0.024323,46.784,5.5608,33,24,0.0020899,0.065789,0.95395,0,1,4,4,3,3,0,-1,1,0,0.00058651,0
1,0,0,0,0.35122,1,0.4761,0.38546,0.05,0.1,0.15,0.125,0.1,0.15,0.15,0.05,0.125,0.15385,0.20513,0.10256,0,0.10256,0.025641,0.28205,0.12821,0.38546,0.63819,0.16648,103.22,35.5,5,26,0.048558,0.30769,0.008547,0.01278,0.99361,3,3,3,3,1,0,0,0,0,0
1,2,0.1215,0.10945,0.29767,1,0.48098,0.28925,0.052632,0.052632,0.10526,0.10526,0.10526,0.23684,0.10526,0.026316,0.21053,0.13514,0.18919,0.16216,0,0.027027,0.027027,0.27027,0.18919,0.28934,0.46685,0.16494,144.64,25.884,3,18,0.027456,0.27211,0,0.0043103,1,2,1,3,2,1,1,-1,0,-0.001173,0
1,2,0.10107,0.00058651,0.42086,1,0.45082,0.22813,0.060606,0.12121,0.060606,0,0.030303,0.090909,0.33333,0.15152,0.15152,0.1875,0.125,0.09375,0,0.03125,0.0625,0.34375,0.15625,0.2279,0.42364,0.135,156.94,23.98,7,22,0.022736,0.11047,0.99419,0.125,1,2,1,3,2,1,1,-1,0,-0.00058651,0
2,1,0.046329,0.046329,0.15596,1,0.46276,0.048818,0.090909,0.090909,0.18182,0,0.060606,0,0.060606,0.33333,0.18182,0.25806,0,0,0,0.22581,0,0.29032,0.22581,0.14403,0.40405,0.036135,90,9.7952,21,21,0.0020954,0.1358,1,0.17623,1,2,2,3,3,1,1,0,-1,0,-0.0012484
2,1,0.10457,0.10457,0.11999,1,0.39521,0.032642,0.09375,0.28125,0,0,0.09375,0,0.0625,0.3125,0.15625,0.23333,0,0,0,0.2,0,0.3,0.26667,0.13332,0.37238,0.02847,32.561,4.6049,24,13,0.0017388,0,1,0.17316,1,2,2,3,3,1,1,1,0,0.001173,0
2,0,0,0,0.12197,1,0.28297,0.032092,0.068966,0.068966,0.2069,0,0.034483,0.034483,0.068966,0.31034,0.2069,0.11111,0,0,0,0.14815,0,0.33333,0.40741,0.11905,0.31982,0.039729,171.1,12.478,23,19,0.0009129,0.25926,1,0.14904,1,2,2,3,3,1,1,1,0,0.001173,0
2,0,0,0,0.098621,1,0.28787,0.029432,0.076923,0.038462,0.34615,0,0,0.19231,0.076923,0,0.26923,0.25,0,0,0,0.16667,0.083333,0.083333,0.41667,0.14094,0.36289,0.024176,130.41,7.2065,25,14,0.0019135,0.27273,1,0.11069,1,2,3,3,3,1,1,1,-1,0.0029326,-0.0037453
2,0,0,0,0.11268,1,0.3282,0.037139,0.033333,0.36667,0,0,0.1,0,0.1,0.23333,0.16667,0.071429,0,0,0,0.071429,0.071429,0.32143,0.46429,0.17156,0.37168,0.017168,90,9.6521,30,18,0.00076279,0.26154,1,0.03321,1,3,2,3,3,1,1,1,0,0.001173,0
2,0,0,0,0.10108,1,0.3722,0.039902,0.068966,0.17241,0,0,0.13793,0,0.10345,0.34483,0.17241,0.074074,0,0,0,0.18519,0.037037,0.25926,0.44444,0.19533,0.49577,0.020075,158.62,6.2407,26,13,0.0024255,0.070423,1,0.12121,0.99697,3,3,4,3,1,1,1,0,0.0017595,0
2,1,0.0013793,0.0013793,0.12599,1,0.44662,0.055264,0.023256,0.046512,0.27907,0,0,0.18605,0.093023,0.27907,0.093023,0.43902,0,0.02439,0,0.12195,0,0.2439,0.17073,0.22529,0.67125,0.022731,164.97,13.402,37,24,0.0052859,0.32203,0.73729,0.18636,1,3,2,3,3,1,1,0,-1,0,-0.0012484
2,0,0,0,0.13137,1,0.38997,0.027095,0,0,0.39024,0,0.02439,0.17073,0.12195,0.29268,0,0.41026,0,0.025641,0,0.20513,0.025641,0.15385,0.17949,0.19264,0.46689,0.0046985,88.318,6.9383,41,24,0.0010009,0.81522,0.51087,0.094225,1,2,3,3,3,1,1,1,0,0.00058651,0
2,1,0.13237,0.13237,0.13639,1,0.37893,0.043131,0.15152,0.060606,0.27273,0,0,0.12121,0.060606,0.030303,0.30303,0.16129,0,0,0,0.12903,0.22581,0.22581,0.25806,0.15808,0.38515,0.032282,90,7.5518,26,14,0.0033457,0,1,0.072581,0.95968,2,2,3,3,1,0,0,1,0,0.0012484
2,2,0.41829,0.12172,0.094795,1,0.44133,0.03879,0.066667,0.066667,0.33333,0,0,0.13333,0.066667,0.15556,0.17778,0.16279,0,0.023256,0,0.13953,0.11628,0.2093,0.34884,0.20935,0.49037,0.052975,180,9.3175,43,13,0.0036798,0.073529,1,0.062315,0.99407,2,3,3,3,1,0,1,0,0.001173,0
2,0,0,0,0.10815,1,0.4892,0.018603,0.096774,0.064516,0.22581,0,0,0.12903,0.064516,0.096774,0.32258,0.068966,0,0,0,0.27586,0.10345,0.13793,0.41379,0.071759,0.22991,0.020934,166.78,9.0357,24,16,0.00066175,0,1,0.23741,0.94964,2,2,3,3,0,1,1,0,0.00058651,0
2,1,0.010651,0.010651,0.16378,1,0.40683,0.022404,0.08,0.24,0,0,0.12,0,0.08,0.32,0.16,0.13043,0,0,0,0.13043,0.26087,0.21739,0.26087,0.070598,0.17635,0.011833,124.28,10.517,18,8,0.0003652,0.15789,1,0.11009,0.94495,2,2,3,3,1,1,1,0,0.001173,0
1,0,0,0,0.0069087,1,0.39825,0.16854,0.071429,0,0.21429,0,0,0.14286,0.14286,0.28571,0.14286,0.15385,0,0,0,0,0,0,0.84615,0.16979,0.16989,0.0032892,4.8822,1.8658,9,7,0.00017024,0,0,0,1,1,1,2,1,1,-1,0,-1,0,-0.0012484
2,1,0.14903,0.14903,0.13947,1,0.43508,0.022957,0.0625,0.25,0,0,0.09375,0,0.0625,0.375,0.15625,0,0,0,0,0.23333,0.033333,0.23333,0.5,0.086169,0.19915,0.0081212,51.939,8.2937,29,11,0.00035,0.23684,1,0.070312,0.94531,2,2,2,3,1,0,1,0,0.00058651,0
2,0,0,0,0.1663,1,0.36508,0.024423,0.086957,0.26087,0,0,0.13043,0,0.13043,0.17391,0.21739,0.095238,0,0,0,0.2381,0.095238,0.2381,0.33333,0.068382,0.17501,0.013963,166.78,11.467,14,9,0.00025555,0.175,1,0.12389,0.9292,2,2,3,3,1,1,1,0,0.001173,0
2,1,0.55074,0.55074,0.13513,1,0.4697,0.058863,0,0.061224,0.2449,0,0.020408,0.081633,0.10204,0.38776,0.10204,0.42553,0,0.021277,0,0.14894,0.06383,0.21277,0.12766,0.26166,0.69655,0.017437,87.848,6.5339,40,23,0.0045121,0.5625,0.8125,0.14607,0.99101,2,3,3,3,1,1,1,0,0.002346,0
1,0,0,0,0.22858,1,0.5131,0.46232,0.11765,0.058824,0.35294,0,0,0.17647,0,0.26471,0.029412,0.45455,0,0.030303,0,0,0,0.30303,0.21212,0.51298,0.61519,0.16753,90,11.073,17,23,0.033496,0,0.42211,0,1,1,1,2,1,1,0,-1,0,-0.001173,0
1,1,0.10099,0.10099,0.19413,1,0.70038,0.11529,0.125,0.053571,0.14286,0.017857,0.17857,0.125,0.125,0.071429,0.16071,0.12727,0.072727,0.072727,0.16364,0.30909,0,0.072727,0.18182,0.11381,0.88532,0.16068,90,21.694,10,28,0.032395,0.99333,0.71333,0.1708,0.41598,3,2,3,2,1,0,1,1,0.001173,0.0012484
1,1,0.44526,0.44526,0.14709,1,0.43425,0.42149,0.17857,0.053571,0.30357,0.017857,0.035714,0.16071,0,0.25,0,0.32727,0.036364,0.12727,0.036364,0.18182,0.018182,0.072727,0.2,0.4355,0.82175,0.054607,90,30.036,17,32,0.013692,0.9403,0.37313,0.18925,1,2,2,3,3,1,1,0,-1,0,-0.0012484
1,1,0.14039,0.14039,0.35681,1,0.46571,0.32373,0.058824,0.11765,0.058824,0,0,0.13725,0.21569,0.15686,0.2549,0.14,0.04,0.1,0,0.08,0.02,0.4,0.22,0.32329,0.69602,0.16848,180,17.88,21,32,0.04938,0.12917,0.99167,0.24051,1,2,1,3,2,1,1,-1,0,-0.001173,0
1,1,0.12611,0.12611,0.24222,1,0.48188,0.42957,0,0.10345,0.22414,0,0.017241,0.086207,0.22414,0.18966,0.15517,0.29825,0,0.017544,0,0.10526,0.10526,0.29825,0.17544,0.4821,0.92209,0.10778,150.52,18.194,21,31,0.066127,0.44355,0.86694,0.20166,0.99792,2,2,2,3,1,1,1,0,0.0017595,0
2,0,0,0,0.47551,1,0.81092,0.075512,0,0.022222,0.55556,0,0.11111,0,0.31111,0,0,0.53488,0,0.046512,0,0.069767,0.093023,0,0.25581,0.25729,0.58986,0.0049237,154.84,19.034,25,23,0.0024088,0.91892,0.94595,0.030395,0.23404,3,3,2,2,-1,-1,0,-1,0,-0.0024969
1,1,0.21622,0.21622,0.3605,1,0.48281,0.29019,0.086207,0.068966,0.18966,0,0.10345,0.32759,0.034483,0.051724,0.13793,0.21053,0.052632,0.087719,0,0.087719,0.035088,0.21053,0.31579,0.29,0.62851,0.046998,103.22,25.456,14,26,0.041564,0,0.23529,0.19792,1,2,1,3,2,1,1,-1,0,-0.0017595,0
2,0,0,0,0.60914,1,0.47787,0.083158,0.17241,0.10345,0.2069,0,0,0,0.17241,0.068966,0.27586,0,0,0,0,0.037037,0.14815,0.62963,0.18519,0.084336,0.18717,0.024373,64.685,25.106,5,16,0.00067346,0,1,0.050847,0.9661,2,3,2,3,1,0,0,-1,0,-0.0037453
5,2,0.10896,0.070205,0.15515,1,0.45074,0.092967,0.026316,0.092105,0.19737,0.19737,0.039474,0.14474,0.065789,0.10526,0.13158,0.66197,0.014085,0.098592,0,0.028169,0,0,0.19718,0.20381,1.0337,0.016286,88.923,8.1023,118,48,0.00070418,1,0,0,0.82679,5,7,5,5,0,-1,-1,-1,-0.0017595,-0.0037453
4,4,0.14153,0.064973,0.11453,1,0.52401,0.11749,0,0.043956,0.25275,0.065934,0.098901,0.18681,0.16484,0.12088,0.065934,0.57471,0,0.10345,0,0.068966,0,0,0.25287,0.22785,0.94652,0.0069336,180,13.209,92,51,0.001373,0.93519,0,0,0.74944,5,7,5,4,1,-1,-1,0,-0.001173,0
4,2,0.22219,0.04941,0.15546,1,0.46031,0.1372,0.031579,0.042105,0.21053,0.084211,0.021053,0.28421,0.073684,0.042105,0.21053,0.53846,0.021978,0.032967,0,0.021978,0,0,0.38462,0.23458,0.94298,0.017051,81.1,3.2679,151,52,0.0010432,1,0.072993,0,0.88406,4,4,4,4,0,-1,-1,-1,-0.001173,-0.0024969
4,1,0.056825,0.056825,0.15583,1,0.45599,0.11524,0,0.11688,0.24675,0.077922,0.064935,0.14286,0.1039,0.20779,0.038961,0.76712,0.013699,0.082192,0,0.013699,0,0,0.12329,0.22094,0.89023,0.0065136,90,8.042,102,46,0.00083345,1,0.080882,0,0.84146,4,4,4,4,0,-1,-1,-1,-0.0017595,-0.0024969
4,4,0.24385,0.020946,0.12062,1,0.4157,0.11237,0.05814,0.081395,0.19767,0.05814,0.05814,0.17442,0.10465,0.05814,0.2093,0.62195,0.012195,0.073171,0,0.04878,0,0.012195,0.23171,0.19757,0.80431,0.013014,180,9.9617,82,48,0.00069067,0.96842,0,0,0.85676,5,6,4,4,-1,-1,-1,0,-0.00058651,0
3,2,0.14377,0.063867,0.1598,1,0.39013,0.1622,0,0.070423,0.28169,0.042254,0.11268,0.15493,0.12676,0.16901,0.042254,0.70588,0.014706,0.073529,0,0.058824,0,0,0.14706,0.26072,0.81933,0.0084643,173.69,15.46,46,37,0.0016737,1,0,0,0.71355,3,5,3,3,0,-1,-1,-1,-0.00058651,-0.0024969
4,4,0.13054,0,0.12344,1,0.42257,0.12982,0,0.050633,0.22785,0.1519,0.037975,0.20253,0.11392,0.075949,0.13924,0.66667,0,0.053333,0,0.053333,0,0,0.22667,0.21439,0.86223,0.012955,71.983,7.3633,62,41,0.00075867,1,0,0,0.85459,4,4,4,4,0,-1,0,0,0,0
2,0,0,0,0.36393,1,0.62171,0.0029326,0.08,0.06,0.18,0.1,0.1,0.2,0.12,0.04,0.12,0.16667,0,0.083333,0.125,0.35417,0.041667,0.125,0.10417,0.02015,0.64734,0.01672,87.554,8.2484,60,22,0.0099035,0.88485,0.47273,0.33803,0.48357,3,3,3,3,0,1,1,0,0.0029326,0
2,2,0.044539,0.016046,0.092262,1,0.47332,0.03364,0,0.069444,0.25,0,0.069444,0.125,0.083333,0.38889,0.013889,0.32857,0,0,0,0.17143,0,0.22857,0.27143,0.25557,0.67437,0.012922,169.36,8.4419,80,35,0.0040931,0.41379,0.66667,0.13544,0.99097,2,3,3,3,1,1,1,0,0.00058651,0
2,1,0.6155,0.6155,0.061442,1,0.57217,0.031484,0.014925,0.029851,0.23881,0,0,0.19403,0.10448,0.26866,0.14925,0.26154,0,0.015385,0,0.13846,0,0.18462,0.4,0.29322,0.68871,0.01927,180,10.011,76,44,0.0054452,0.26154,0.83077,0.070423,0.99195,2,3,3,4,1,1,1,0,0.00058651,0
2,1,0.38086,0.38086,0.062262,1,0.397,0.017009,0,0.019608,0.23529,0,0,0.21569,0.098039,0.33333,0.098039,0.30612,0,0.040816,0,0.10204,0,0.14286,0.40816,0.20547,0.45515,0.0078496,90,6.6057,58,30,0.0020532,0.63636,0.68182,0.042169,1,3,3,4,3,1,1,1,0,0.00058651,0
2,2,0.15247,0.11648,0.096563,1,0.5071,0.042888,0,0.080645,0.33871,0,0,0.14516,0.080645,0.22581,0.12903,0.41667,0,0,0,0.18333,0,0.21667,0.18333,0.27587,0.63252,0.016132,154.84,9.4694,55,37,0.0046128,0.51685,0.8427,0.060046,1,2,3,3,3,1,0,1,-1,0.0017595,-0.0012484
2,1,0.00058651,0.00058651,0.083297,1,0.46354,0.044059,0.0625,0.28125,0,0,0.0625,0.125,0.078125,0.14063,0.25,0.1129,0,0.016129,0,0.16129,0.048387,0.14516,0.51613,0.24796,0.62916,0.015097,180,8.6787,67,40,0.0033658,0.12,0.98667,0.11348,0.98818,3,3,3,4,1,1,-1,0,-0.00058651,0
2,1,0.21135,0.21135,0.12196,1,0.49091,0.062373,0,0.043478,0.32609,0,0,0.19565,0.065217,0.26087,0.1087,0.38636,0,0,0,0.15909,0,0.25,0.20455,0.25879,0.65285,0.016087,162.61,8.2131,42,28,0.0037536,0.62609,0.88696,0.11287,0.99774,2,4,3,3,1,0,1,1,0.001173,0.0012484
2,0,0,0,0.096279,1,0.44179,0.04996,0,0.052632,0.24561,0,0.035088,0.17544,0.052632,0.31579,0.12281,0.29091,0,0,0,0.12727,0,0.18182,0.4,0.23572,0.61355,0.020633,169.36,5.9253,64,36,0.0039793,0.36145,1,0.1284,0.99506,2,4,3,3,1,1,0,1,0,0.0024969
2,2,0.353,0.24797,0.13953,1,0.5388,0.084343,0.076923,0.057692,0.23077,0,0.076923,0.057692,0.076923,0.30769,0.11538,0.34,0,0.04,0,0.12,0.12,0.22,0.16,0.27996,0.69603,0.096752,154.84,14.022,43,29,0.0077301,0.14388,1,0.08547,1,2,3,3,3,1,1,1,0,0.00058651,0
2,0,0,0,0.29624,1,0.47977,0.14435,0.11765,0.078431,0.23529,0,0,0.078431,0.039216,0.33333,0.11765,0.22449,0,0.040816,0,0.16327,0.10204,0.20408,0.26531,0.29012,0.95684,0.030403,166.78,12.604,44,30,0.021622,0,1,0.28025,0.99788,2,3,3,3,1,1,0,-1,0,-0.0024969
2,1,0.44482,0.44482,0.18475,1,0.45472,0.066698,0.086957,0.065217,0.26087,0,0,0.15217,0.043478,0.26087,0.13043,0.29545,0,0.045455,0,0.15909,0.068182,0.22727,0.20455,0.20372,0.61476,0.068276,180,9.9103,48,26,0.0077054,0,1,0.20506,1,2,2,3,3,1,1,1,0,0.00058651,0
2,2,0.11074,0.083352,0.15,1,0.51853,0.082575,0.063492,0.095238,0.25397,0,0.12698,0,0.079365,0.26984,0.11111,0.32787,0,0,0,0.14754,0.065574,0.2623,0.19672,0.27386,0.73223,0.064665,90,7.2852,57,39,0.0076439,0.11111,1,0.13969,1,2,3,3,3,1,0,1,0,0.002346,0
2,1,0.045361,0.045361,0.21345,1,0.48065,0.10514,0.097561,0.21951,0.073171,0,0,0.12195,0.073171,0.17073,0.2439,0.15385,0,0,0,0.15385,0.12821,0.25641,0.30769,0.28146,0.76871,0.019279,24.32,5.2412,34,23,0.0125,0,1,0.16036,0.99109,2,4,3,3,1,1,1,0,0.00058651,0
2,0,0,0,0.19938,1,0.4496,0.09503,0.097561,0.29268,0,0,0.19512,0,0.04878,0.17073,0.19512,0.17949,0,0,0,0.17949,0.051282,0.25641,0.33333,0.21339,0.63243,0.017505,90,5.9092,34,19,0.0063588,0.1375,1,0.20424,1,2,2,3,3,1,1,0,0,0,0
2,0,0,0,0.15738,1,0.43908,0.07746,0.076923,0.061538,0.29231,0,0,0.15385,0.061538,0.24615,0.10769,0.30159,0,0.031746,0,0.12698,0.063492,0.26984,0.20635,0.24572,0.66757,0.061026,125.36,10.369,69,36,0.0085734,0.074074,1,0.13896,0.99752,2,3,3,4,1,0,1,1,0.0017595,0.0012484
2,0,0,0,0.13494,1,0.43012,0.062806,0,0.15152,0.21212,0,0.18182,0,0.10606,0.24242,0.10606,0.26563,0,0,0,0.09375,0.03125,0.26563,0.34375,0.24459,0.57986,0.03499,56.133,4.4019,72,34,0.002737,0.35185,1,0.085106,0.99734,2,4,3,3,1,0,1,0,0.00058651,0
2,4,0.49189,0.14898,0.098967,1,0.4108,0.046753,0.013333,0.04,0.32,0,0,0.16,0.053333,0.22667,0.18667,0.26027,0,0.027397,0,0.15068,0,0.21918,0.34247,0.21979,0.61744,0.020278,180,9.1133,74,36,0.0044131,0.27711,0.96386,0.16751,1,2,2,3,3,1,1,1,0,0.00058651,0
3,1,0.10704,0.10704,0.46979,1,0.45976,0.11178,0.10959,0.068493,0.23288,0.068493,0,0.041096,0.17808,0.054795,0.24658,0.18571,0,0.028571,0,0.042857,0.042857,0.41429,0.28571,0.1953,0.64691,0.03736,90,9.1631,71,41,0.0033177,0.15842,0.95545,0,1,4,5,3,4,0,-1,1,0,0.0017595,0
1,0,0,0,0.47211,1,0.55771,0.011297,0.16867,0.096386,0.20482,0.060241,0,0.060241,0.18072,0.060241,0.16867,0.02439,0.02439,0.23171,0,0.32927,0.02439,0.18293,0.18293,0.011297,0.7035,0.11895,90,9.9914,45,56,0.027603,0.0098039,0,0.044335,0,2,4,3,3,1,-1,-1,0,-0.002346,0
1,1,0.12724,0.12724,0.45715,1,0.50657,0.022593,0.16949,0.033898,0.16949,0.10169,0,0.033898,0.27119,0.050847,0.16949,0.034483,0.051724,0.13793,0,0.24138,0.086207,0.17241,0.27586,0.02207,0.73366,0.13195,95.368,10.492,29,37,0.030513,0,0.073733,0.11211,0.040359,2,3,3,3,1,-1,-1,0,-0.001173,0
1,0,0,0,0.47729,1,0.46841,0.02932,0.17647,0.019608,0.15686,0.078431,0,0.058824,0.2549,0.078431,0.17647,0.14,0,0.12,0,0.32,0.02,0.28,0.12,0.029132,0.59675,0.10482,90,13.662,20,35,0.020279,0.74869,1,0.10106,0.13298,2,3,1,3,-1,1,1,1,0.00058651,0.0024969
1,1,0.0024969,0.0024969,0.41304,1,0.42215,0.011271,0.21127,0.014085,0.21127,0.098592,0,0.084507,0.19718,0.056338,0.12676,0.11429,0,0.15714,0,0.32857,0.057143,0.11429,0.22857,0.010104,0.48226,0.058409,90,14.632,28,45,0.011511,0.87786,1,0.080537,0.060403,3,2,2,3,-1,0,0,-1,0,-0.0024969
1,1,0.10263,0.10263,0.43438,1,0.48147,0.0068967,0.23404,0.06383,0.17021,0.074468,0,0.074468,0.19149,0.074468,0.11702,0.11828,0.021505,0.22581,0,0.27957,0,0.2043,0.15054,0.0085653,0.65941,0.11155,94.477,12.454,52,52,0.02193,0.13043,0.076087,0.035176,0.01005,2,3,2,3,0,-1,-1,0,-0.0029326,0
1,1,0.26717,0.26717,0.43047,1,0.53016,0.011598,0.15873,0.063492,0.2381,0.079365,0,0.063492,0.15873,0.063492,0.1746,0.080645,0.048387,0.16129,0,0.40323,0.016129,0.16129,0.12903,0.010525,0.7364,0.13247,115.16,12.261,28,40,0.030392,0,0.048077,0.070485,0.039648,2,2,3,2,1,-1,-1,0,-0.0017595,0
1,2,0.10528,0.060459,0.26396,1,0.55441,0.0051297,0.029412,0.14706,0.14706,0.088235,0,0.20588,0.14706,0.088235,0.14706,0.15152,0,0.060606,0.090909,0.51515,0,0.060606,0.12121,0.001173,0.5204,0.0092113,56.133,18.47,8,18,0.011478,0.98165,1,0.37113,0.37113,2,2,1,2,0,1,0,1,0,0.0049938
3,3,0.12626,0.013745,0.3729,1,0.35157,0.065879,0.18182,0.045455,0.15152,0.045455,0,0.060606,0.21212,0.045455,0.25758,0.2381,0,0.015873,0,0.079365,0.031746,0.39683,0.2381,0.1521,0.51753,0.036082,90,7.3912,45,29,0.0022793,0.10236,0.88976,0,1,4,5,3,3,0,0,1,0,0.00058651,0
3,1,0.22512,0.22512,0.32298,1,0.38414,0.077704,0.15068,0.054795,0.19178,0.068493,0,0.068493,0.20548,0.068493,0.19178,0.25714,0,0.014286,0,0.028571,0.15714,0.3,0.24286,0.20082,0.69109,0.032796,90,8.2671,75,40,0.004313,0.11039,0.85065,0.089286,0.93304,4,5,4,3,1,-1,1,0,0.00058651,0
3,2,0.12833,0.10986,0.42257,1,0.39535,0.099707,0.10606,0.075758,0.18182,0.075758,0,0.060606,0.19697,0.075758,0.22727,0.25397,0,0,0,0.047619,0.047619,0.39683,0.25397,0.18167,0.62189,0.034567,90,6.4232,44,33,0.0029164,0.24706,1,0.010582,0.9418,4,5,3,3,0,-1,0,-1,0,-0.0037453
3,1,0.12984,0.12984,0.44844,1,0.39469,0.08563,0.1129,0.064516,0.19355,0.048387,0,0.064516,0.16129,0.048387,0.30645,0.20339,0,0,0,0.033898,0.10169,0.30508,0.35593,0.15393,0.52919,0.024266,90,6.7885,61,31,0.0025878,0.16327,1,0.038961,0.94805,4,6,3,3,0,-1,1,0,0.00058651,0
3,2,0.1959,0.094302,0.47253,1,0.46053,0.099191,0.19355,0.032258,0.16129,0.048387,0,0.064516,0.19355,0.048387,0.25806,0.13559,0,0,0,0.033898,0.084746,0.30508,0.44068,0.17933,0.61343,0.029224,90,6.9084,54,33,0.0033965,0.075145,1,0,0.9186,4,7,4,4,1,-1,1,0,0.002346,0
2,1,0.37017,0.37017,0.17171,1,0.36421,0.075089,0.069767,0.2093,0.18605,0,0.093023,0,0.093023,0.2093,0.13953,0.2439,0,0,0,0.29268,0.097561,0.21951,0.14634,0.18191,0.60763,0.048301,166.78,13.9,33,26,0.0048636,0.128,1,0.25731,0.95906,2,2,3,3,1,0,0,1,0,0.0012484
